0.002739 -0.004604 -0.009181 -0.009669 -0.653369
-0.001968 0.004990 -0.225604 0.484336 0.183302
-0.009713 0.021053 -0.162207 0.324273 0.276744
-0.014362 0.029868 -0.070703 0.121120 0.225400
-0.015743 0.031825 0.001385 -0.020890 0.158652
-0.014711 0.029363 0.050123 -0.101561 0.106622
-0.012083 0.024524 0.081294 -0.140746 0.066347
-0.008472 0.018679 0.099340 -0.152532 0.035277
-0.004335 0.012719 0.107615 -0.146677 0.012229
-0.000007 0.007203 0.108917 -0.130447 -0.003934
0.004280 0.002435 0.105559 -0.109190 -0.014500
0.008376 -0.001459 0.099355 -0.086607 -0.020757
0.012194 -0.004474 0.091654 -0.065060 -0.023849
0.015694 -0.006679 0.083407 -0.045895 -0.024722
0.018866 -0.008181 0.075248 -0.029735 -0.024123
0.021722 -0.009103 0.067570 -0.016720 -0.022619
0.024284 -0.009566 0.060589 -0.006689 -0.020631
0.026584 -0.009684 0.054396 0.000689 -0.018457
0.028651 -0.009552 0.048997 0.005824 -0.016296
0.030518 -0.009253 0.044346 0.009144 -0.014274
0.032213 -0.008850 0.040365 0.011055 -0.012459
0.033759 -0.008392 0.036965 0.011916 -0.010879
0.035180 -0.007915 0.034052 0.012033 -0.009536
0.036492 -0.007443 0.031542 0.011652 -0.008414
0.037710 -0.006993 0.029358 0.010966 -0.007488
0.038846 -0.006573 0.027433 0.010117 -0.006729
0.039909 -0.006188 0.025715 0.009209 -0.006108
0.040907 -0.005839 0.024161 0.008311 -0.005597
0.041845 -0.005525 0.022737 0.007466 -0.005173
0.042728 -0.005243 0.021419 0.006697 -0.004816
0.043560 -0.004990 0.020188 0.006016 -0.004509
0.044345 -0.004763 0.019031 0.005421 -0.004239
0.045084 -0.004557 0.017938 0.004909 -0.003996
0.045781 -0.004370 0.016904 0.004470 -0.003775
0.046438 -0.004200 0.015923 0.004095 -0.003568
0.047056 -0.004043 0.014993 0.003774 -0.003374
0.047638 -0.003898 0.014111 0.003497 -0.003190
0.048186 -0.003764 0.013276 0.003255 -0.003013
0.048701 -0.003638 0.012485 0.003042 -0.002845
0.049186 -0.003521 0.011738 0.002852 -0.002684
0.049641 -0.003411 0.011032 0.002680 -0.002530
0.050069 -0.003307 0.010366 0.002522 -0.002383
0.050471 -0.003210 0.009740 0.002376 -0.002242
0.050849 -0.003118 0.009149 0.002239 -0.002109
0.051204 -0.003031 0.008594 0.002111 -0.001983
0.051538 -0.002949 0.008072 0.001989 -0.001864
0.051851 -0.002872 0.007582 0.001875 -0.001751
0.052145 -0.002800 0.007121 0.001766 -0.001645
0.052421 -0.002732 0.006689 0.001663 -0.001545
0.052680 -0.002667 0.006283 0.001565 -0.001451
0.052924 -0.002607 0.005901 0.001472 -0.001363
0.053153 -0.002550 0.005543 0.001384 -0.001280
0.053368 -0.002496 0.005207 0.001302 -0.001202
0.053570 -0.002446 0.004891 0.001223 -0.001129
0.053760 -0.002399 0.004594 0.001149 -0.001060
0.053938 -0.002355 0.004316 0.001080 -0.000996
0.054105 -0.002313 0.004054 0.001014 -0.000935
0.054263 -0.002274 0.003809 0.000953 -0.000878
0.054410 -0.002237 0.003578 0.000895 -0.000825
0.054549 -0.002202 0.003361 0.000841 -0.000775
0.054680 -0.002170 0.003158 0.000790 -0.000728
0.054802 -0.002139 0.002967 0.000742 -0.000684
0.054917 -0.002111 0.002787 0.000697 -0.000642
0.055025 -0.002084 0.002618 0.000654 -0.000604
0.055127 -0.002058 0.002460 0.000615 -0.000567
0.055222 -0.002035 0.002311 0.000577 -0.000533
0.055312 -0.002012 0.002171 0.000542 -0.000500
0.055396 -0.001992 0.002039 0.000509 -0.000470
0.055475 -0.001972 0.001916 0.000479 -0.000442
0.055550 -0.001953 0.001800 0.000450 -0.000415
0.055619 -0.001936 0.001691 0.000422 -0.000390
0.055685 -0.001920 0.001588 0.000397 -0.000366
0.055747 -0.001904 0.001492 0.000373 -0.000344
0.055804 -0.001890 0.001402 0.000350 -0.000323
0.055859 -0.001876 0.001317 0.000329 -0.000304
0.055910 -0.001864 0.001237 0.000309 -0.000285
0.055958 -0.001852 0.001162 0.000290 -0.000268
0.056003 -0.001841 0.001092 0.000273 -0.000252
0.056045 -0.001830 0.001026 0.000256 -0.000236
0.056085 -0.001820 0.000964 0.000241 -0.000222
0.056123 -0.001811 0.000905 0.000226 -0.000209
0.056158 -0.001802 0.000850 0.000212 -0.000196
0.056191 -0.001794 0.000799 0.000200 -0.000184
0.056222 -0.001786 0.000750 0.000187 -0.000173
0.056251 -0.001779 0.000705 0.000176 -0.000163
0.056278 -0.001772 0.000662 0.000165 -0.000153
0.056304 -0.001766 0.000622 0.000155 -0.000143
0.056328 -0.001760 0.000585 0.000146 -0.000135
0.056351 -0.001754 0.000549 0.000137 -0.000127
0.056372 -0.001749 0.000516 0.000129 -0.000119
0.056392 -0.001744 0.000485 0.000121 -0.000112
0.056411 -0.001739 0.000455 0.000114 -0.000105
0.056428 -0.001735 0.000428 0.000107 -0.000099
0.056445 -0.001731 0.000402 0.000100 -0.000093
0.056461 -0.001727 0.000377 0.000094 -0.000087
0.056475 -0.001723 0.000355 0.000089 -0.000082
0.056489 -0.001720 0.000333 0.000083 -0.000077
0.056502 -0.001717 0.000313 0.000078 -0.000072
0.056514 -0.001713 0.000294 0.000073 -0.000068
0.056525 -0.001711 0.000276 0.000069 -0.000064
0.056536 -0.001708 0.000259 0.000065 -0.000060
0.056546 -0.001705 0.000244 0.000061 -0.000056
0.056556 -0.001703 0.000229 0.000057 -0.000053
0.056565 -0.001701 0.000215 0.000054 -0.000050
0.056573 -0.001699 0.000202 0.000050 -0.000047
0.056581 -0.001697 0.000190 0.000047 -0.000044
0.056588 -0.001695 0.000178 0.000045 -0.000041
0.056595 -0.001693 0.000168 0.000042 -0.000039
0.056601 -0.001692 0.000157 0.000039 -0.000036
0.056608 -0.001690 0.000148 0.000037 -0.000034
0.056613 -0.001689 0.000139 0.000035 -0.000032
0.056619 -0.001687 0.000130 0.000033 -0.000030
0.056624 -0.001686 0.000123 0.000031 -0.000028
0.056629 -0.001685 0.000115 0.000029 -0.000027
0.056633 -0.001684 0.000108 0.000027 -0.000025
0.056637 -0.001683 0.000102 0.000025 -0.000023
0.056641 -0.001682 0.000095 0.000024 -0.000022
0.056645 -0.001681 0.000090 0.000022 -0.000021
0.056648 -0.001680 0.000084 0.000021 -0.000019
0.056652 -0.001679 0.000079 0.000020 -0.000018
0.056655 -0.001679 0.000074 0.000019 -0.000017
0.056658 -0.001678 0.000070 0.000017 -0.000016
0.056660 -0.001677 0.000066 0.000016 -0.000015
0.056663 -0.001676 0.000062 0.000015 -0.000014
0.056665 -0.001676 0.000058 0.000014 -0.000013
0.056667 -0.001675 0.000054 0.000014 -0.000013
0.056670 -0.001675 0.000051 0.000013 -0.000012
0.056672 -0.001674 0.000048 0.000012 -0.000011
0.056673 -0.001674 0.000045 0.000011 -0.000010
0.056675 -0.001673 0.000042 0.000011 -0.000010
0.056677 -0.001673 0.000040 0.000010 -0.000009
0.056678 -0.001673 0.000037 0.000009 -0.000009
0.056680 -0.001672 0.000035 0.000009 -0.000008
0.056681 -0.001672 0.000033 0.000008 -0.000008
0.056682 -0.001672 0.000031 0.000008 -0.000007
0.056684 -0.001671 0.000029 0.000007 -0.000007
0.056685 -0.001671 0.000027 0.000007 -0.000006
0.056686 -0.001671 0.000026 0.000006 -0.000006
0.056687 -0.001671 0.000024 0.000006 -0.000006
0.056688 -0.001670 0.000023 0.000006 -0.000005
0.056689 -0.001670 0.000021 0.000005 -0.000005
0.056689 -0.001670 0.000020 0.000005 -0.000005
0.056690 -0.001670 0.000019 0.000005 -0.000004
0.056691 -0.001669 0.000018 0.000004 -0.000004
0.056692 -0.001669 0.000017 0.000004 -0.000004
0.056692 -0.001669 0.000016 0.000004 -0.000004
0.056693 -0.001669 0.000015 0.000004 -0.000003
0.056693 -0.001669 0.000014 0.000003 -0.000003
0.056694 -0.001669 0.000013 0.000003 -0.000003
0.056695 -0.001669 0.000012 0.000003 -0.000003
0.056695 -0.001668 0.000011 0.000003 -0.000003
0.056695 -0.001668 0.000011 0.000003 -0.000002
0.056696 -0.001668 0.000010 0.000003 -0.000002
0.056696 -0.001668 0.000009 0.000002 -0.000002
0.056697 -0.001668 0.000009 0.000002 -0.000002
0.056697 -0.001668 0.000008 0.000002 -0.000002
0.056697 -0.001668 0.000008 0.000002 -0.000002
0.056698 -0.001668 0.000007 0.000002 -0.000002
0.056698 -0.001668 0.000007 0.000002 -0.000002
0.056698 -0.001668 0.000007 0.000002 -0.000002
0.056698 -0.001668 0.000006 0.000002 -0.000001
0.056699 -0.001668 0.000006 0.000001 -0.000001
0.056699 -0.001668 0.000005 0.000001 -0.000001
0.056699 -0.001667 0.000005 0.000001 -0.000001
0.056699 -0.001667 0.000005 0.000001 -0.000001
0.056699 -0.001667 0.000004 0.000001 -0.000001
0.056700 -0.001667 0.000004 0.000001 -0.000001
0.056700 -0.001667 0.000004 0.000001 -0.000001
0.056700 -0.001667 0.000004 0.000001 -0.000001
0.056700 -0.001667 0.000003 0.000001 -0.000001
0.056700 -0.001667 0.000003 0.000001 -0.000001
0.056700 -0.001667 0.000003 0.000001 -0.000001
0.056700 -0.001667 0.000003 0.000001 -0.000001
0.056701 -0.001667 0.000003 0.000001 -0.000001
0.056701 -0.001667 0.000003 0.000001 -0.000001
0.056701 -0.001667 0.000002 0.000001 -0.000001
0.056701 -0.001667 0.000002 0.000001 -0.000001
0.056701 -0.001667 0.000002 0.000001 -0.000001
0.056701 -0.001667 0.000002 0.000001 -0.000000
0.056701 -0.001667 0.000002 0.000000 -0.000000
0.056701 -0.001667 0.000002 0.000000 -0.000000
0.056701 -0.001667 0.000002 0.000000 -0.000000
0.056701 -0.001667 0.000002 0.000000 -0.000000
0.056701 -0.001667 0.000001 0.000000 -0.000000
0.056701 -0.001667 0.000001 0.000000 -0.000000
0.056701 -0.001667 0.000001 0.000000 -0.000000
0.056702 -0.001667 0.000001 0.000000 -0.000000
0.056702 -0.001667 0.000001 0.000000 -0.000000
0.056702 -0.001667 0.000001 0.000000 -0.000000
0.056702 -0.001667 0.000001 0.000000 -0.000000
0.056702 -0.001667 0.000001 0.000000 -0.000000
0.056702 -0.001667 0.000001 0.000000 -0.000000
0.056702 -0.001667 0.000001 0.000000 -0.000000
0.056702 -0.001667 0.000001 0.000000 -0.000000
0.056702 -0.001667 0.000001 0.000000 -0.000000
0.056702 -0.001667 0.000001 0.000000 -0.000000
0.056702 -0.001667 0.000001 0.000000 -0.000000
0.056702 -0.001667 0.000001 0.000000 -0.000000
0.056702 -0.001667 0.000001 0.000000 -0.000000
0.056702 -0.001667 0.000001 0.000000 -0.000000
0.056702 -0.001667 0.000000 0.000000 -0.000000
0.056702 -0.001667 0.000000 0.000000 -0.000000
0.056702 -0.001667 0.000000 0.000000 -0.000000
0.056702 -0.001667 0.000000 0.000000 -0.000000
0.056702 -0.001667 0.000000 0.000000 -0.000000
0.056702 -0.001667 0.000000 0.000000 -0.000000
0.056702 -0.001667 0.000000 0.000000 -0.000000
0.056702 -0.001667 0.000000 0.000000 -0.000000
0.056702 -0.001667 0.000000 0.000000 -0.000000
0.056702 -0.001667 0.000000 0.000000 -0.000000
0.056702 -0.001667 0.000000 0.000000 -0.000000
0.056702 -0.001667 0.000000 0.000000 -0.000000
0.056702 -0.001667 0.000000 0.000000 -0.000000
0.056702 -0.001667 0.000000 0.000000 -0.000000
0.056702 -0.001667 0.000000 0.000000 -0.000000
0.056702 -0.001667 0.000000 0.000000 -0.000000
0.056702 -0.001667 0.000000 0.000000 -0.000000
0.056702 -0.001667 0.000000 0.000000 -0.000000
0.056702 -0.001667 0.000000 0.000000 -0.000000
0.056702 -0.001667 0.000000 0.000000 -0.000000
0.056702 -0.001667 0.000000 0.000000 -0.000000
0.056702 -0.001667 0.000000 0.000000 -0.000000
0.056702 -0.001667 0.000000 0.000000 -0.000000
0.056702 -0.001667 0.000000 0.000000 -0.000000
0.056702 -0.001667 0.000000 0.000000 -0.000000
0.056702 -0.001667 0.000000 0.000000 -0.000000
0.056702 -0.001667 0.000000 0.000000 -0.000000
0.056702 -0.001667 0.000000 0.000000 -0.000000
0.056702 -0.001667 0.000000 0.000000 -0.000000
0.056702 -0.001667 0.000000 0.000000 -0.000000
0.056702 -0.001667 0.000000 0.000000 -0.000000
0.056702 -0.001667 0.000000 0.000000 -0.000000
0.056702 -0.001667 0.000000 0.000000 -0.000000
0.056702 -0.001667 0.000000 0.000000 -0.000000
0.056702 -0.001667 0.000000 0.000000 -0.000000
0.056702 -0.001667 0.000000 0.000000 -0.000000
0.056702 -0.001667 0.000000 0.000000 0.000000
0.056702 -0.001667 0.000000 0.000000 0.000000
0.056702 -0.001667 0.000000 -0.000000 -0.000000
0.056702 -0.001667 0.000000 0.000000 0.000000
0.056702 -0.001667 0.000000 0.000000 -0.000000
0.056702 -0.001667 0.000000 0.000000 0.000000
0.056702 -0.001667 0.000000 0.000000 -0.000000
0.056702 -0.001667 0.000000 0.000000 -0.000000
0.056702 -0.001667 0.000000 0.000000 0.000000
0.056702 -0.001667 0.000000 -0.000000 -0.000000
0.056702 -0.001667 0.000000 0.000000 -0.000000
0.056702 -0.001667 0.000000 0.000000 0.000000
0.056702 -0.001667 0.000000 -0.000000 -0.000000
0.056702 -0.001667 0.000000 0.000000 -0.000000
0.056702 -0.001667 0.000000 0.000000 -0.000000
0.056702 -0.001667 0.000000 0.000000 0.000000
0.056702 -0.001667 0.000000 -0.000000 -0.000000
0.056702 -0.001667 0.000000 -0.000000 -0.000000
0.056702 -0.001667 0.000000 0.000000 -0.000000
0.056702 -0.001667 0.000000 0.000000 -0.000000
0.056702 -0.001667 0.000000 0.000000 -0.000000
0.056702 -0.001667 0.000000 0.000000 0.000000
0.056702 -0.001667 0.000000 -0.000000 -0.000000
0.056702 -0.001667 0.000000 -0.000000 -0.000000
0.056702 -0.001667 0.000000 -0.000000 -0.000000
0.056702 -0.001667 0.000000 0.000000 -0.000000
0.056702 -0.001667 0.000000 0.000000 0.000000
0.056702 -0.001667 0.000000 0.000000 -0.000000
0.056702 -0.001667 0.000000 0.000000 0.000000
0.056702 -0.001667 0.000000 0.000000 0.000000
0.056702 -0.001667 0.000000 -0.000000 -0.000000
0.056702 -0.001667 0.000000 -0.000000 -0.000000
0.056702 -0.001667 0.000000 0.000000 -0.000000
0.056702 -0.001667 0.000000 0.000000 0.000000
0.056702 -0.001667 0.000000 0.000000 -0.000000
0.056702 -0.001667 0.000000 0.000000 0.000000
0.056702 -0.001667 0.000000 0.000000 0.000000
0.056702 -0.001667 0.000000 -0.000000 -0.000000
0.056702 -0.001667 0.000000 0.000000 0.000000
0.056702 -0.001667 0.000000 0.000000 0.000000
0.056702 -0.001667 0.000000 0.000000 0.000000
0.056702 -0.001667 0.000000 -0.000000 -0.000000
0.056702 -0.001667 0.000000 0.000000 0.000000
0.056702 -0.001667 0.000000 -0.000000 -0.000000
0.056702 -0.001667 0.000000 -0.000000 -0.000000
0.056702 -0.001667 0.000000 0.000000 -0.000000
0.056702 -0.001667 0.000000 0.000000 -0.000000
0.056702 -0.001667 0.000000 0.000000 0.000000
0.056702 -0.001667 0.000000 0.000000 -0.000000
0.056702 -0.001667 -0.000000 0.000000 -0.000000
0.056702 -0.001667 -0.000000 0.000000 0.000000
0.056702 -0.001667 -0.000000 0.000000 0.000000
0.056702 -0.001667 0.000000 -0.000000 -0.000000
0.056702 -0.001667 -0.000000 0.000000 0.000000
0.056702 -0.001667 0.000000 -0.000000 -0.000000
0.056702 -0.001667 -0.000000 0.000000 0.000000
0.056702 -0.001667 0.000000 -0.000000 -0.000000
0.056702 -0.001667 -0.000000 0.000000 0.000000
0.056702 -0.001667 0.000000 -0.000000 -0.000000
0.056702 -0.001667 -0.000000 0.000000 0.000000
0.056702 -0.001667 0.000000 -0.000000 -0.000000
0.056702 -0.001667 -0.000000 0.000000 0.000000
0.056702 -0.001667 -0.000000 0.000000 0.000000
0.056702 -0.001667 -0.000000 0.000000 0.000000
0.056702 -0.001667 -0.000000 0.000000 0.000000
0.056702 -0.001667 0.000000 -0.000000 -0.000000
0.056702 -0.001667 -0.000000 0.000000 0.000000
0.056702 -0.001667 -0.000000 0.000000 0.000000
0.056702 -0.001667 0.000000 -0.000000 -0.000000
0.056702 -0.001667 -0.000000 0.000000 0.000000
0.056702 -0.001667 0.000000 -0.000000 -0.000000
0.056702 -0.001667 0.000000 -0.000000 -0.000000
0.056702 -0.001667 -0.000000 0.000000 0.000000
0.056702 -0.001667 0.000000 -0.000000 -0.000000
0.056702 -0.001667 -0.000000 0.000000 0.000000
0.056702 -0.001667 0.000000 -0.000000 -0.000000
0.056702 -0.001667 -0.000000 0.000000 0.000000
0.056702 -0.001667 0.000000 -0.000000 -0.000000
0.056702 -0.001667 0.000000 -0.000000 -0.000000
0.056702 -0.001667 -0.000000 0.000000 0.000000
0.056702 -0.001667 0.000000 -0.000000 -0.000000
0.056702 -0.001667 -0.000000 0.000000 0.000000
0.056702 -0.001667 0.000000 -0.000000 -0.000000
0.056702 -0.001667 -0.000000 0.000000 0.000000
0.056702 -0.001667 0.000000 -0.000000 -0.000000
0.056702 -0.001667 -0.000000 0.000000 0.000000
0.056702 -0.001667 0.000000 -0.000000 -0.000000
0.056702 -0.001667 -0.000000 0.000000 0.000000
0.056702 -0.001667 0.000000 -0.000000 -0.000000
0.056702 -0.001667 0.000000 -0.000000 -0.000000
0.056702 -0.001667 -0.000000 0.000000 0.000000
0.056702 -0.001667 0.000000 -0.000000 -0.000000
0.056702 -0.001667 -0.000000 0.000000 0.000000
0.056702 -0.001667 0.000000 -0.000000 -0.000000
0.056702 -0.001667 -0.000000 0.000000 0.000000
0.056702 -0.001667 0.000000 -0.000000 -0.000000
0.056702 -0.001667 -0.000000 0.000000 0.000000
0.056702 -0.001667 0.000000 -0.000000 -0.000000
0.056702 -0.001667 -0.000000 0.000000 0.000000
0.056702 -0.001667 0.000000 -0.000000 -0.000000
0.056702 -0.001667 -0.000000 0.000000 0.000000
0.056702 -0.001667 0.000000 -0.000000 -0.000000
0.056702 -0.001667 0.000000 -0.000000 -0.000000
0.056702 -0.001667 -0.000000 0.000000 0.000000
0.056702 -0.001667 0.000000 -0.000000 0.000000
0.056702 -0.001667 0.000000 -0.000000 -0.000000
0.056702 -0.001667 0.000000 0.000000 -0.000000
0.056702 -0.001667 -0.000000 0.000000 0.000000
0.056702 -0.001667 0.000000 -0.000000 -0.000000
0.056702 -0.001667 -0.000000 0.000000 0.000000
0.056702 -0.001667 0.000000 -0.000000 -0.000000
0.056702 -0.001667 -0.000000 0.000000 0.000000
0.056702 -0.001667 0.000000 -0.000000 -0.000000
0.056702 -0.001667 0.000000 -0.000000 -0.000000
0.056702 -0.001667 -0.000000 0.000000 0.000000
0.056702 -0.001667 -0.000000 0.000000 0.000000
0.056702 -0.001667 0.000000 -0.000000 -0.000000
0.056702 -0.001667 -0.000000 0.000000 0.000000
0.056702 -0.001667 -0.000000 0.000000 0.000000
0.056702 -0.001667 0.000000 -0.000000 -0.000000
0.056702 -0.001667 -0.000000 0.000000 0.000000
0.056702 -0.001667 -0.000000 0.000000 0.000000
0.056702 -0.001667 -0.000000 0.000000 0.000000
0.056702 -0.001667 -0.000000 0.000000 0.000000
0.056702 -0.001667 -0.000000 0.000000 0.000000
0.056702 -0.001667 0.000000 -0.000000 -0.000000
0.056702 -0.001667 -0.000000 0.000000 0.000000
0.056702 -0.001667 0.000000 -0.000000 -0.000000
0.056702 -0.001667 -0.000000 0.000000 0.000000
0.056702 -0.001667 0.000000 -0.000000 -0.000000
0.056702 -0.001667 -0.000000 0.000000 0.000000
0.056702 -0.001667 0.000000 -0.000000 -0.000000
0.056702 -0.001667 0.000000 -0.000000 -0.000000
0.056702 -0.001667 -0.000000 0.000000 0.000000
0.056702 -0.001667 0.000000 -0.000000 -0.000000
0.056702 -0.001667 -0.000000 0.000000 0.000000
0.056702 -0.001667 0.000000 -0.000000 -0.000000
0.056702 -0.001667 -0.000000 0.000000 0.000000
0.056702 -0.001667 0.000000 -0.000000 -0.000000
0.056702 -0.001667 -0.000000 0.000000 0.000000
0.056702 -0.001667 0.000000 -0.000000 -0.000000
0.056702 -0.001667 0.000000 -0.000000 -0.000000
0.056702 -0.001667 -0.000000 0.000000 0.000000
0.056702 -0.001667 0.000000 -0.000000 -0.000000
0.056702 -0.001667 -0.000000 0.000000 0.000000
0.056702 -0.001667 0.000000 -0.000000 -0.000000
0.056702 -0.001667 -0.000000 0.000000 0.000000
0.056702 -0.001667 0.000000 -0.000000 -0.000000
0.056702 -0.001667 -0.000000 0.000000 0.000000
0.056702 -0.001667 0.000000 -0.000000 -0.000000
0.056702 -0.001667 -0.000000 0.000000 0.000000
0.056702 -0.001667 0.000000 -0.000000 -0.000000
0.056702 -0.001667 -0.000000 0.000000 0.000000
0.056702 -0.001667 0.000000 -0.000000 -0.000000
0.056702 -0.001667 -0.000000 0.000000 0.000000
0.056702 -0.001667 0.000000 -0.000000 -0.000000
0.056702 -0.001667 0.000000 0.000000 0.000000
0.056702 -0.001667 0.000000 -0.000000 -0.000000
0.056702 -0.001667 -0.000000 0.000000 0.000000
0.056702 -0.001667 0.000000 -0.000000 -0.000000
0.056702 -0.001667 0.000000 0.000000 0.000000
0.056702 -0.001667 0.000000 -0.000000 -0.000000
0.056702 -0.001667 -0.000000 0.000000 0.000000
0.056702 -0.001667 0.000000 -0.000000 -0.000000
0.056702 -0.001667 0.000000 -0.000000 -0.000000
0.056702 -0.001667 -0.000000 0.000000 0.000000
0.056702 -0.001667 0.000000 -0.000000 -0.000000
0.056702 -0.001667 -0.000000 0.000000 0.000000
0.056702 -0.001667 0.000000 0.000000 -0.000000
0.056702 -0.001667 -0.000000 0.000000 0.000000
0.056702 -0.001667 0.000000 -0.000000 -0.000000
0.056702 -0.001667 -0.000000 0.000000 0.000000
0.056702 -0.001667 0.000000 -0.000000 -0.000000
0.056702 -0.001667 -0.000000 0.000000 0.000000
0.056702 -0.001667 0.000000 -0.000000 -0.000000
0.056702 -0.001667 -0.000000 0.000000 0.000000
0.056702 -0.001667 0.000000 -0.000000 -0.000000
0.056702 -0.001667 -0.000000 0.000000 0.000000
0.056702 -0.001667 0.000000 -0.000000 -0.000000
0.056702 -0.001667 -0.000000 0.000000 0.000000
0.056702 -0.001667 0.000000 -0.000000 -0.000000
0.056702 -0.001667 -0.000000 0.000000 0.000000
0.056702 -0.001667 0.000000 -0.000000 -0.000000
0.056702 -0.001667 -0.000000 0.000000 0.000000
0.056702 -0.001667 0.000000 -0.000000 -0.000000
0.056702 -0.001667 -0.000000 0.000000 0.000000
0.056702 -0.001667 -0.000000 0.000000 0.000000
0.056702 -0.001667 0.000000 -0.000000 -0.000000
0.056702 -0.001667 -0.000000 0.000000 0.000000
0.056702 -0.001667 0.000000 -0.000000 -0.000000
0.056702 -0.001667 -0.000000 0.000000 0.000000
0.056702 -0.001667 0.000000 -0.000000 -0.000000
0.056702 -0.001667 -0.000000 0.000000 0.000000
0.056702 -0.001667 0.000000 -0.000000 -0.000000
0.056702 -0.001667 -0.000000 0.000000 0.000000
0.056702 -0.001667 0.000000 -0.000000 -0.000000
0.056702 -0.001667 -0.000000 0.000000 0.000000
0.056702 -0.001667 0.000000 -0.000000 -0.000000
0.056702 -0.001667 -0.000000 0.000000 0.000000
0.056702 -0.001667 -0.000000 0.000000 0.000000
0.056702 -0.001667 0.000000 -0.000000 -0.000000
0.056702 -0.001667 -0.000000 0.000000 0.000000
0.056702 -0.001667 0.000000 -0.000000 -0.000000
0.056702 -0.001667 -0.000000 0.000000 0.000000
0.056702 -0.001667 0.000000 -0.000000 -0.000000
0.056702 -0.001667 -0.000000 0.000000 -0.000000
0.056702 -0.001667 -0.000000 0.000000 0.000000
0.056702 -0.001667 0.000000 -0.000000 -0.000000
0.056702 -0.001667 -0.000000 0.000000 0.000000
0.056702 -0.001667 -0.000000 0.000000 0.000000
0.056702 -0.001667 0.000000 -0.000000 -0.000000
0.056702 -0.001667 -0.000000 0.000000 0.000000
0.056702 -0.001667 0.000000 -0.000000 -0.000000
0.056702 -0.001667 -0.000000 0.000000 0.000000
0.056702 -0.001667 0.000000 -0.000000 -0.000000
0.056702 -0.001667 -0.000000 0.000000 0.000000
0.056702 -0.001667 0.000000 -0.000000 -0.000000
0.056702 -0.001667 -0.000000 0.000000 0.000000
0.056702 -0.001667 0.000000 -0.000000 -0.000000
0.056702 -0.001667 -0.000000 0.000000 0.000000
0.056702 -0.001667 0.000000 -0.000000 -0.000000
0.056702 -0.001667 -0.000000 0.000000 -0.000000
0.056702 -0.001667 -0.000000 0.000000 0.000000
0.056702 -0.001667 0.000000 -0.000000 -0.000000
0.056702 -0.001667 -0.000000 0.000000 -0.000000
0.056702 -0.001667 -0.000000 0.000000 0.000000
0.056702 -0.001667 -0.000000 0.000000 0.000000
0.056702 -0.001667 0.000000 -0.000000 -0.000000
0.056702 -0.001667 -0.000000 0.000000 0.000000
0.056702 -0.001667 0.000000 -0.000000 -0.000000
0.056702 -0.001667 -0.000000 0.000000 0.000000
0.056702 -0.001667 0.000000 -0.000000 -0.000000
0.056702 -0.001667 -0.000000 0.000000 0.000000
0.056702 -0.001667 -0.000000 0.000000 0.000000
0.056702 -0.001667 0.000000 -0.000000 -0.000000
0.056702 -0.001667 -0.000000 0.000000 0.000000
0.056702 -0.001667 0.000000 -0.000000 -0.000000
0.056702 -0.001667 0.000000 -0.000000 -0.000000
0.056702 -0.001667 -0.000000 0.000000 0.000000
0.056702 -0.001667 0.000000 -0.000000 -0.000000
0.056702 -0.001667 -0.000000 0.000000 0.000000
0.056702 -0.001667 -0.000000 0.000000 0.000000
0.056702 -0.001667 0.000000 -0.000000 -0.000000
0.056702 -0.001667 -0.000000 0.000000 0.000000
0.056702 -0.001667 0.000000 -0.000000 -0.000000
0.056702 -0.001667 -0.000000 0.000000 0.000000
0.056702 -0.001667 0.000000 -0.000000 -0.000000
0.056702 -0.001667 -0.000000 0.000000 0.000000
0.056702 -0.001667 0.000000 -0.000000 -0.000000
0.056702 -0.001667 0.000000 0.000000 0.000000
0.056702 -0.001667 0.000000 -0.000000 -0.000000
0.056702 -0.001667 -0.000000 0.000000 0.000000
0.056702 -0.001667 0.000000 -0.000000 -0.000000
0.056702 -0.001667 -0.000000 0.000000 0.000000
0.056702 -0.001667 0.000000 -0.000000 -0.000000
0.056702 -0.001667 0.000000 -0.000000 -0.000000
0.056702 -0.001667 0.000000 0.000000 -0.000000
0.056702 -0.001667 -0.000000 0.000000 0.000000
0.056702 -0.001667 0.000000 -0.000000 -0.000000
0.056702 -0.001667 -0.000000 0.000000 0.000000
0.056702 -0.001667 0.000000 -0.000000 -0.000000
0.056702 -0.001667 -0.000000 0.000000 0.000000
0.056702 -0.001667 0.000000 -0.000000 -0.000000
0.056702 -0.001667 -0.000000 0.000000 0.000000
0.056702 -0.001667 0.000000 -0.000000 -0.000000
0.056702 -0.001667 -0.000000 0.000000 0.000000
0.056702 -0.001667 0.000000 -0.000000 -0.000000
0.056702 -0.001667 0.000000 -0.000000 -0.000000
0.056702 -0.001667 -0.000000 0.000000 0.000000
0.056702 -0.001667 0.000000 -0.000000 -0.000000
0.056702 -0.001667 -0.000000 0.000000 0.000000
0.056702 -0.001667 0.000000 -0.000000 -0.000000
0.056702 -0.001667 0.000000 0.000000 -0.000000
0.056702 -0.001667 -0.000000 0.000000 0.000000
0.056702 -0.001667 0.000000 -0.000000 -0.000000
0.056702 -0.001667 -0.000000 0.000000 0.000000
0.056702 -0.001667 0.000000 -0.000000 -0.000000
0.056702 -0.001667 0.000000 -0.000000 -0.000000
0.056702 -0.001667 -0.000000 0.000000 0.000000
0.056702 -0.001667 0.000000 -0.000000 -0.000000
0.056702 -0.001667 -0.000000 0.000000 0.000000
0.056702 -0.001667 0.000000 -0.000000 -0.000000
0.056702 -0.001667 0.000000 -0.000000 -0.000000
0.056702 -0.001667 -0.000000 0.000000 0.000000
0.056702 -0.001667 0.000000 -0.000000 -0.000000
0.056702 -0.001667 0.000000 -0.000000 -0.000000
0.056702 -0.001667 0.000000 -0.000000 0.000000
0.056702 -0.001667 0.000000 -0.000000 -0.000000
0.056702 -0.001667 0.000000 -0.000000 -0.000000
0.056702 -0.001667 0.000000 -0.000000 -0.000000
0.056702 -0.001667 -0.000000 -0.000000 -0.000000
0.056702 -0.001667 -0.000000 0.000000 -0.000000
0.056702 -0.001667 -0.000000 0.000000 -0.000000
0.056702 -0.001667 -0.000000 0.000000 -0.000000
0.056702 -0.001667 -0.000000 0.000000 -0.000000
0.056702 -0.001667 -0.000000 0.000000 0.000000
0.056702 -0.001667 -0.000000 0.000000 0.000000
0.056702 -0.001667 -0.000000 0.000000 0.000000
0.056702 -0.001667 -0.000000 0.000000 0.000000
0.056702 -0.001667 -0.000000 -0.000000 0.000000
0.056702 -0.001667 -0.000000 -0.000000 -0.000000
0.056702 -0.001667 -0.000000 -0.000000 0.000000
0.056702 -0.001667 0.000000 -0.000000 -0.000000
0.056702 -0.001667 0.000000 -0.000000 -0.000000
0.056702 -0.001667 -0.000000 0.000000 0.000000
0.056702 -0.001667 0.000000 -0.000000 -0.000000
0.056702 -0.001667 -0.000000 0.000000 0.000000
0.056702 -0.001667 -0.000000 0.000000 0.000000
0.056702 -0.001667 -0.000000 0.000000 0.000000
0.056702 -0.001667 0.000000 -0.000000 -0.000000
0.056702 -0.001667 -0.000000 0.000000 0.000000
0.056702 -0.001667 0.000000 -0.000000 0.000000
0.056702 -0.001667 0.000000 -0.000000 -0.000000
0.056702 -0.001667 0.000000 0.000000 -0.000000
0.056702 -0.001667 -0.000000 0.000000 0.000000
0.056702 -0.001667 -0.000000 0.000000 0.000000
0.056702 -0.001667 0.000000 -0.000000 -0.000000
0.056702 -0.001667 -0.000000 0.000000 0.000000
0.056702 -0.001667 0.000000 -0.000000 -0.000000
0.056702 -0.001667 -0.000000 0.000000 0.000000
0.056702 -0.001667 0.000000 -0.000000 -0.000000
0.056702 -0.001667 -0.000000 0.000000 -0.000000
0.056702 -0.001667 -0.000000 0.000000 0.000000
0.056702 -0.001667 0.000000 -0.000000 -0.000000
0.056702 -0.001667 -0.000000 0.000000 0.000000
0.056702 -0.001667 -0.000000 0.000000 0.000000
0.056702 -0.001667 -0.000000 0.000000 -0.000000
0.056702 -0.001667 -0.000000 0.000000 0.000000
0.056702 -0.001667 0.000000 -0.000000 -0.000000
0.056702 -0.001667 -0.000000 0.000000 0.000000
0.056702 -0.001667 0.000000 -0.000000 -0.000000
0.056702 -0.001667 0.000000 -0.000000 -0.000000
0.056702 -0.001667 -0.000000 0.000000 -0.000000
0.056702 -0.001667 -0.000000 0.000000 0.000000
0.056702 -0.001667 0.000000 -0.000000 -0.000000
0.056702 -0.001667 -0.000000 0.000000 0.000000
0.056702 -0.001667 -0.000000 0.000000 0.000000
0.056702 -0.001667 0.000000 -0.000000 -0.000000
0.056702 -0.001667 -0.000000 0.000000 0.000000
0.056702 -0.001667 0.000000 -0.000000 -0.000000
0.056702 -0.001667 -0.000000 0.000000 0.000000
0.056702 -0.001667 -0.000000 0.000000 0.000000
0.056702 -0.001667 0.000000 -0.000000 -0.000000
0.056702 -0.001667 -0.000000 0.000000 0.000000
0.056702 -0.001667 0.000000 -0.000000 -0.000000
0.056702 -0.001667 0.000000 -0.000000 -0.000000
0.056702 -0.001667 -0.000000 0.000000 0.000000
0.056702 -0.001667 0.000000 -0.000000 -0.000000
0.056702 -0.001667 -0.000000 0.000000 0.000000
0.056702 -0.001667 -0.000000 0.000000 0.000000
0.056702 -0.001667 0.000000 -0.000000 -0.000000
0.056702 -0.001667 -0.000000 0.000000 0.000000
0.056702 -0.001667 0.000000 -0.000000 -0.000000
0.056702 -0.001667 -0.000000 0.000000 0.000000
0.056702 -0.001667 0.000000 -0.000000 -0.000000
0.056702 -0.001667 -0.000000 0.000000 0.000000
0.056702 -0.001667 -0.000000 0.000000 0.000000
0.056702 -0.001667 0.000000 -0.000000 -0.000000
0.056702 -0.001667 -0.000000 0.000000 0.000000
0.056702 -0.001667 0.000000 -0.000000 -0.000000
0.056702 -0.001667 -0.000000 0.000000 0.000000
0.056702 -0.001667 0.000000 -0.000000 -0.000000
0.056702 -0.001667 -0.000000 0.000000 0.000000
0.056702 -0.001667 0.000000 -0.000000 -0.000000
0.056702 -0.001667 0.000000 -0.000000 -0.000000
0.056702 -0.001667 -0.000000 0.000000 0.000000
0.056702 -0.001667 0.000000 -0.000000 -0.000000
0.056702 -0.001667 -0.000000 0.000000 0.000000
0.056702 -0.001667 0.000000 -0.000000 -0.000000
0.056702 -0.001667 -0.000000 0.000000 0.000000
0.056702 -0.001667 0.000000 -0.000000 -0.000000
0.056702 -0.001667 0.000000 -0.000000 -0.000000
0.056702 -0.001667 -0.000000 0.000000 0.000000
0.056702 -0.001667 0.000000 -0.000000 -0.000000
0.056702 -0.001667 -0.000000 0.000000 0.000000
0.056702 -0.001667 0.000000 -0.000000 -0.000000
0.056702 -0.001667 0.000000 -0.000000 -0.000000
0.056702 -0.001667 -0.000000 0.000000 -0.000000
0.056702 -0.001667 -0.000000 0.000000 0.000000
0.056702 -0.001667 0.000000 -0.000000 -0.000000
0.056702 -0.001667 -0.000000 0.000000 0.000000
0.056702 -0.001667 -0.000000 0.000000 -0.000000
0.056702 -0.001667 -0.000000 0.000000 0.000000
0.056702 -0.001667 0.000000 -0.000000 -0.000000
0.056702 -0.001667 -0.000000 0.000000 0.000000
0.056702 -0.001667 0.000000 -0.000000 -0.000000
0.056702 -0.001667 -0.000000 0.000000 0.000000
0.056702 -0.001667 -0.000000 0.000000 0.000000
0.056702 -0.001667 0.000000 -0.000000 -0.000000
0.056702 -0.001667 -0.000000 0.000000 0.000000
0.056702 -0.001667 0.000000 -0.000000 -0.000000
0.056702 -0.001667 -0.000000 0.000000 0.000000
0.056702 -0.001667 0.000000 -0.000000 -0.000000
0.056702 -0.001667 -0.000000 0.000000 0.000000
0.056702 -0.001667 0.000000 -0.000000 -0.000000
0.056702 -0.001667 0.000000 -0.000000 -0.000000
0.056702 -0.001667 -0.000000 0.000000 0.000000
0.056702 -0.001667 -0.000000 0.000000 0.000000
0.056702 -0.001667 0.000000 -0.000000 -0.000000
0.056702 -0.001667 -0.000000 0.000000 0.000000
0.056702 -0.001667 -0.000000 0.000000 0.000000
0.056702 -0.001667 0.000000 -0.000000 -0.000000
0.056702 -0.001667 -0.000000 0.000000 0.000000
0.056702 -0.001667 0.000000 -0.000000 -0.000000
0.056702 -0.001667 0.000000 -0.000000 -0.000000
0.056702 -0.001667 -0.000000 0.000000 0.000000
0.056702 -0.001667 0.000000 -0.000000 -0.000000
0.056702 -0.001667 -0.000000 0.000000 0.000000
0.056702 -0.001667 0.000000 -0.000000 -0.000000
0.056702 -0.001667 -0.000000 0.000000 0.000000
0.056702 -0.001667 0.000000 -0.000000 0.000000
0.056702 -0.001667 0.000000 -0.000000 -0.000000
0.056702 -0.001667 -0.000000 0.000000 0.000000
0.056702 -0.001667 0.000000 -0.000000 -0.000000
0.056702 -0.001667 0.000000 0.000000 -0.000000
0.056702 -0.001667 -0.000000 0.000000 0.000000
0.056702 -0.001667 0.000000 0.000000 0.000000
0.056702 -0.001667 0.000000 -0.000000 -0.000000
0.056702 -0.001667 -0.000000 0.000000 0.000000
0.056702 -0.001667 0.000000 -0.000000 -0.000000
0.056702 -0.001667 0.000000 -0.000000 -0.000000
0.056702 -0.001667 -0.000000 0.000000 0.000000
0.056702 -0.001667 0.000000 -0.000000 -0.000000
0.056702 -0.001667 -0.000000 0.000000 0.000000
0.056702 -0.001667 0.000000 -0.000000 -0.000000
0.056702 -0.001667 -0.000000 0.000000 0.000000
0.056702 -0.001667 0.000000 -0.000000 -0.000000
0.056702 -0.001667 -0.000000 0.000000 0.000000
0.056702 -0.001667 0.000000 -0.000000 -0.000000
0.056702 -0.001667 -0.000000 0.000000 0.000000
0.056702 -0.001667 0.000000 -0.000000 -0.000000
0.056702 -0.001667 -0.000000 0.000000 0.000000
0.056702 -0.001667 0.000000 -0.000000 0.000000
0.056702 -0.001667 0.000000 -0.000000 -0.000000
0.056702 -0.001667 0.000000 0.000000 -0.000000
0.056702 -0.001667 -0.000000 0.000000 0.000000
0.056702 -0.001667 0.000000 -0.000000 -0.000000
0.056702 -0.001667 -0.000000 0.000000 0.000000
0.056702 -0.001667 0.000000 -0.000000 0.000000
0.056702 -0.001667 0.000000 -0.000000 -0.000000
0.056702 -0.001667 -0.000000 0.000000 0.000000
0.056702 -0.001667 -0.000000 0.000000 0.000000
0.056702 -0.001667 -0.000000 0.000000 0.000000
0.056702 -0.001667 0.000000 -0.000000 -0.000000
0.056702 -0.001667 -0.000000 0.000000 0.000000
0.056702 -0.001667 -0.000000 0.000000 0.000000
0.056702 -0.001667 0.000000 -0.000000 -0.000000
0.056702 -0.001667 0.000000 0.000000 0.000000
0.056702 -0.001667 0.000000 -0.000000 -0.000000
0.056702 -0.001667 -0.000000 0.000000 0.000000
0.056702 -0.001667 0.000000 -0.000000 -0.000000
0.056702 -0.001667 0.000000 -0.000000 -0.000000
0.056702 -0.001667 -0.000000 0.000000 0.000000
0.056702 -0.001667 0.000000 -0.000000 -0.000000
0.056702 -0.001667 -0.000000 0.000000 0.000000
0.056702 -0.001667 0.000000 -0.000000 -0.000000
0.056702 -0.001667 -0.000000 0.000000 0.000000
0.056702 -0.001667 0.000000 -0.000000 -0.000000
0.056702 -0.001667 -0.000000 0.000000 0.000000
0.056702 -0.001667 0.000000 -0.000000 -0.000000
0.056702 -0.001667 -0.000000 0.000000 0.000000
0.056702 -0.001667 0.000000 -0.000000 -0.000000
0.056702 -0.001667 -0.000000 0.000000 0.000000
0.056702 -0.001667 0.000000 -0.000000 -0.000000
0.056702 -0.001667 -0.000000 0.000000 0.000000
0.056702 -0.001667 0.000000 -0.000000 -0.000000
0.056702 -0.001667 -0.000000 0.000000 0.000000
0.056702 -0.001667 0.000000 -0.000000 -0.000000
0.056702 -0.001667 -0.000000 0.000000 0.000000
0.056702 -0.001667 0.000000 -0.000000 -0.000000
0.056702 -0.001667 -0.000000 0.000000 0.000000
0.056702 -0.001667 0.000000 -0.000000 -0.000000
0.056702 -0.001667 0.000000 0.000000 0.000000
0.056702 -0.001667 0.000000 -0.000000 -0.000000
0.056702 -0.001667 -0.000000 0.000000 0.000000
0.056702 -0.001667 0.000000 -0.000000 -0.000000
0.056702 -0.001667 -0.000000 0.000000 0.000000
0.056702 -0.001667 0.000000 -0.000000 -0.000000
0.056702 -0.001667 -0.000000 0.000000 0.000000
0.056702 -0.001667 0.000000 -0.000000 -0.000000
0.056702 -0.001667 0.000000 0.000000 0.000000
0.056702 -0.001667 0.000000 -0.000000 -0.000000
0.056702 -0.001667 -0.000000 0.000000 0.000000
0.056702 -0.001667 0.000000 -0.000000 -0.000000
0.056702 -0.001667 0.000000 0.000000 0.000000
0.056702 -0.001667 0.000000 0.000000 0.000000
0.056702 -0.001667 0.000000 0.000000 0.000000
0.056702 -0.001667 0.000000 -0.000000 -0.000000
0.056702 -0.001667 -0.000000 0.000000 0.000000
0.056702 -0.001667 0.000000 -0.000000 0.000000
0.056702 -0.001667 0.000000 -0.000000 -0.000000
0.056702 -0.001667 -0.000000 0.000000 0.000000
0.056702 -0.001667 0.000000 -0.000000 -0.000000
0.056702 -0.001667 -0.000000 0.000000 0.000000
0.056702 -0.001667 0.000000 -0.000000 -0.000000
0.056702 -0.001667 -0.000000 0.000000 0.000000
0.056702 -0.001667 0.000000 -0.000000 -0.000000
0.056702 -0.001667 -0.000000 0.000000 0.000000
0.056702 -0.001667 0.000000 -0.000000 -0.000000
0.056702 -0.001667 -0.000000 0.000000 0.000000
0.056702 -0.001667 0.000000 -0.000000 -0.000000
0.056702 -0.001667 -0.000000 0.000000 -0.000000
0.056702 -0.001667 -0.000000 0.000000 0.000000
0.056702 -0.001667 0.000000 -0.000000 -0.000000
0.056702 -0.001667 -0.000000 0.000000 0.000000
0.056702 -0.001667 -0.000000 0.000000 0.000000
0.056702 -0.001667 0.000000 -0.000000 -0.000000
0.056702 -0.001667 -0.000000 0.000000 0.000000
0.056702 -0.001667 0.000000 -0.000000 -0.000000
0.056702 -0.001667 -0.000000 0.000000 0.000000
0.056702 -0.001667 0.000000 -0.000000 -0.000000
0.056702 -0.001667 0.000000 -0.000000 -0.000000
0.056702 -0.001667 -0.000000 0.000000 0.000000
0.056702 -0.001667 0.000000 -0.000000 -0.000000
0.056702 -0.001667 -0.000000 0.000000 0.000000
0.056702 -0.001667 0.000000 -0.000000 -0.000000
0.056702 -0.001667 -0.000000 0.000000 0.000000
0.056702 -0.001667 -0.000000 0.000000 0.000000
0.056702 -0.001667 0.000000 -0.000000 -0.000000
0.056702 -0.001667 0.000000 0.000000 0.000000
0.056702 -0.001667 0.000000 0.000000 0.000000
0.056702 -0.001667 0.000000 0.000000 0.000000
0.056702 -0.001667 0.000000 0.000000 0.000000
0.056702 -0.001667 0.000000 -0.000000 -0.000000
0.056702 -0.001667 -0.000000 0.000000 0.000000
0.056702 -0.001667 0.000000 -0.000000 -0.000000
0.056702 -0.001667 -0.000000 0.000000 0.000000
0.056702 -0.001667 0.000000 -0.000000 -0.000000
0.056702 -0.001667 0.000000 -0.000000 -0.000000
0.056702 -0.001667 -0.000000 0.000000 -0.000000
0.056702 -0.001667 -0.000000 0.000000 0.000000
0.056702 -0.001667 0.000000 -0.000000 -0.000000
0.056702 -0.001667 -0.000000 0.000000 0.000000
0.056702 -0.001667 0.000000 -0.000000 -0.000000
0.056702 -0.001667 -0.000000 0.000000 0.000000
0.056702 -0.001667 -0.000000 -0.000000 0.000000
0.056702 -0.001667 0.000000 -0.000000 -0.000000
0.056702 -0.001667 0.000000 -0.000000 -0.000000
0.056702 -0.001667 -0.000000 0.000000 0.000000
0.056702 -0.001667 0.000000 -0.000000 -0.000000
0.056702 -0.001667 0.000000 -0.000000 -0.000000
0.056702 -0.001667 -0.000000 0.000000 0.000000
0.056702 -0.001667 0.000000 -0.000000 -0.000000
0.056702 -0.001667 -0.000000 0.000000 0.000000
0.056702 -0.001667 0.000000 -0.000000 -0.000000
0.056702 -0.001667 -0.000000 0.000000 0.000000
0.056702 -0.001667 0.000000 -0.000000 -0.000000
0.056702 -0.001667 -0.000000 0.000000 0.000000
0.056702 -0.001667 0.000000 -0.000000 -0.000000
0.056702 -0.001667 0.000000 0.000000 0.000000
0.056702 -0.001667 0.000000 -0.000000 -0.000000
0.056702 -0.001667 0.000000 -0.000000 -0.000000
0.056702 -0.001667 -0.000000 0.000000 0.000000
0.056702 -0.001667 0.000000 -0.000000 -0.000000
0.056702 -0.001667 0.000000 -0.000000 0.000000
0.056702 -0.001667 0.000000 -0.000000 -0.000000
0.056702 -0.001667 0.000000 -0.000000 -0.000000
0.056702 -0.001667 -0.000000 0.000000 0.000000
0.056702 -0.001667 -0.000000 -0.000000 -0.000000
0.056702 -0.001667 -0.000000 0.000000 -0.000000
0.056702 -0.001667 -0.000000 0.000000 -0.000000
0.056702 -0.001667 -0.000000 0.000000 -0.000000
0.056702 -0.001667 -0.000000 0.000000 -0.000000
0.056702 -0.001667 -0.000000 0.000000 -0.000000
0.056702 -0.001667 -0.000000 0.000000 -0.000000
0.056702 -0.001667 -0.000000 0.000000 0.000000
0.056702 -0.001667 -0.000000 0.000000 0.000000
0.056702 -0.001667 -0.000000 -0.000000 -0.000000
0.056702 -0.001667 -0.000000 0.000000 0.000000
0.056702 -0.001667 -0.000000 0.000000 0.000000
0.056702 -0.001667 -0.000000 -0.000000 0.000000
0.056702 -0.001667 0.000000 -0.000000 -0.000000
0.056702 -0.001667 -0.000000 -0.000000 -0.000000
0.056702 -0.001667 -0.000000 -0.000000 0.000000
0.056702 -0.001667 0.000000 -0.000000 0.000000
0.056702 -0.001667 0.000000 -0.000000 -0.000000
0.056702 -0.001667 -0.000000 0.000000 0.000000
0.056702 -0.001667 0.000000 -0.000000 -0.000000
0.056702 -0.001667 -0.000000 0.000000 0.000000
0.056702 -0.001667 0.000000 -0.000000 -0.000000
0.056702 -0.001667 -0.000000 0.000000 0.000000
0.056702 -0.001667 -0.000000 0.000000 0.000000
0.056702 -0.001667 0.000000 -0.000000 -0.000000
0.056702 -0.001667 -0.000000 0.000000 0.000000
0.056702 -0.001667 0.000000 -0.000000 -0.000000
0.056702 -0.001667 -0.000000 0.000000 0.000000
0.056702 -0.001667 -0.000000 -0.000000 -0.000000
0.056702 -0.001667 -0.000000 0.000000 0.000000
0.056702 -0.001667 0.000000 -0.000000 -0.000000
0.056702 -0.001667 -0.000000 0.000000 0.000000
0.056702 -0.001667 0.000000 -0.000000 -0.000000
0.056702 -0.001667 0.000000 -0.000000 -0.000000
0.056702 -0.001667 -0.000000 0.000000 -0.000000
0.056702 -0.001667 -0.000000 0.000000 0.000000
0.056702 -0.001667 0.000000 -0.000000 -0.000000
0.056702 -0.001667 -0.000000 0.000000 0.000000
0.056702 -0.001667 0.000000 -0.000000 -0.000000
0.056702 -0.001667 -0.000000 0.000000 0.000000
0.056702 -0.001667 -0.000000 -0.000000 -0.000000
0.056702 -0.001667 -0.000000 0.000000 0.000000
0.056702 -0.001667 -0.000000 0.000000 0.000000
0.056702 -0.001667 0.000000 -0.000000 -0.000000
0.056702 -0.001667 -0.000000 0.000000 0.000000
0.056702 -0.001667 0.000000 -0.000000 -0.000000
0.056702 -0.001667 -0.000000 0.000000 0.000000
0.056702 -0.001667 0.000000 -0.000000 -0.000000
0.056702 -0.001667 -0.000000 0.000000 0.000000
0.056702 -0.001667 0.000000 -0.000000 -0.000000
0.056702 -0.001667 -0.000000 0.000000 0.000000
0.056702 -0.001667 0.000000 -0.000000 -0.000000
0.056702 -0.001667 0.000000 -0.000000 -0.000000
0.056702 -0.001667 -0.000000 0.000000 0.000000
0.056702 -0.001667 0.000000 -0.000000 -0.000000
0.056702 -0.001667 -0.000000 0.000000 0.000000
0.056702 -0.001667 0.000000 -0.000000 -0.000000
0.056702 -0.001667 -0.000000 0.000000 0.000000
0.056702 -0.001667 -0.000000 0.000000 0.000000
0.056702 -0.001667 0.000000 -0.000000 -0.000000
0.056702 -0.001667 -0.000000 0.000000 0.000000
0.056702 -0.001667 0.000000 -0.000000 -0.000000
0.056702 -0.001667 -0.000000 0.000000 0.000000
0.056702 -0.001667 -0.000000 0.000000 0.000000
0.056702 -0.001667 -0.000000 0.000000 -0.000000
0.056702 -0.001667 -0.000000 0.000000 0.000000
0.056702 -0.001667 0.000000 -0.000000 -0.000000
0.056702 -0.001667 -0.000000 0.000000 0.000000
0.056702 -0.001667 0.000000 -0.000000 -0.000000
0.056702 -0.001667 -0.000000 0.000000 0.000000
0.056702 -0.001667 0.000000 -0.000000 -0.000000
0.056702 -0.001667 -0.000000 0.000000 0.000000
0.056702 -0.001667 0.000000 -0.000000 -0.000000
0.056702 -0.001667 -0.000000 0.000000 0.000000
0.056702 -0.001667 0.000000 -0.000000 -0.000000
0.056702 -0.001667 -0.000000 0.000000 0.000000
0.056702 -0.001667 0.000000 -0.000000 -0.000000
0.056702 -0.001667 0.000000 -0.000000 -0.000000
0.056702 -0.001667 -0.000000 0.000000 0.000000
0.056702 -0.001667 0.000000 -0.000000 -0.000000
0.056702 -0.001667 -0.000000 0.000000 0.000000
0.056702 -0.001667 0.000000 -0.000000 -0.000000
0.056702 -0.001667 -0.000000 0.000000 0.000000
0.056702 -0.001667 -0.000000 0.000000 0.000000
0.056702 -0.001667 0.000000 -0.000000 -0.000000
0.056702 -0.001667 0.000000 -0.000000 -0.000000
0.056702 -0.001667 -0.000000 0.000000 0.000000
0.056702 -0.001667 -0.000000 0.000000 0.000000
0.056702 -0.001667 -0.000000 0.000000 -0.000000
0.056702 -0.001667 -0.000000 0.000000 0.000000
0.056702 -0.001667 0.000000 -0.000000 -0.000000
0.056702 -0.001667 -0.000000 0.000000 0.000000
0.056702 -0.001667 0.000000 -0.000000 -0.000000
0.056702 -0.001667 -0.000000 0.000000 0.000000
0.056702 -0.001667 0.000000 -0.000000 -0.000000
0.056702 -0.001667 -0.000000 0.000000 0.000000
0.056702 -0.001667 -0.000000 0.000000 0.000000
0.056702 -0.001667 0.000000 -0.000000 -0.000000
0.056702 -0.001667 -0.000000 0.000000 0.000000
0.056702 -0.001667 0.000000 -0.000000 -0.000000
0.056702 -0.001667 -0.000000 0.000000 0.000000
0.056702 -0.001667 0.000000 -0.000000 -0.000000
0.056702 -0.001667 -0.000000 0.000000 0.000000
0.056702 -0.001667 0.000000 -0.000000 -0.000000
0.056702 -0.001667 -0.000000 0.000000 0.000000
0.056702 -0.001667 0.000000 -0.000000 -0.000000
0.056702 -0.001667 -0.000000 0.000000 0.000000
0.056702 -0.001667 0.000000 -0.000000 -0.000000
0.056702 -0.001667 0.000000 -0.000000 -0.000000
0.056702 -0.001667 -0.000000 0.000000 0.000000
0.056702 -0.001667 -0.000000 0.000000 0.000000
0.056702 -0.001667 0.000000 -0.000000 -0.000000
0.056702 -0.001667 -0.000000 0.000000 0.000000
0.056702 -0.001667 0.000000 -0.000000 -0.000000
0.056702 -0.001667 0.000000 -0.000000 -0.000000
0.056702 -0.001667 -0.000000 0.000000 0.000000
0.056702 -0.001667 0.000000 -0.000000 -0.000000
0.056702 -0.001667 -0.000000 0.000000 0.000000
0.056702 -0.001667 0.000000 -0.000000 -0.000000
0.056702 -0.001667 -0.000000 0.000000 0.000000
0.056702 -0.001667 0.000000 -0.000000 -0.000000
0.056702 -0.001667 -0.000000 0.000000 0.000000
0.056702 -0.001667 0.000000 -0.000000 -0.000000
0.056702 -0.001667 -0.000000 0.000000 0.000000
0.056702 -0.001667 0.000000 -0.000000 -0.000000
0.056702 -0.001667 -0.000000 0.000000 0.000000
0.056702 -0.001667 0.000000 -0.000000 -0.000000
0.056702 -0.001667 -0.000000 0.000000 0.000000
0.056702 -0.001667 0.000000 -0.000000 -0.000000
0.056702 -0.001667 -0.000000 0.000000 0.000000
0.056702 -0.001667 0.000000 -0.000000 -0.000000
0.056702 -0.001667 0.000000 -0.000000 -0.000000
0.056702 -0.001667 -0.000000 0.000000 0.000000
0.056702 -0.001667 0.000000 -0.000000 -0.000000
0.056702 -0.001667 -0.000000 0.000000 0.000000
0.056702 -0.001667 0.000000 -0.000000 -0.000000
0.056702 -0.001667 -0.000000 0.000000 0.000000
0.056702 -0.001667 -0.000000 0.000000 0.000000
0.056702 -0.001667 0.000000 -0.000000 -0.000000
0.056702 -0.001667 0.000000 -0.000000 -0.000000
0.056702 -0.001667 -0.000000 0.000000 0.000000
0.056702 -0.001667 -0.000000 0.000000 0.000000
0.056702 -0.001667 0.000000 -0.000000 -0.000000
0.056702 -0.001667 -0.000000 0.000000 0.000000
0.056702 -0.001667 -0.000000 0.000000 0.000000
0.056702 -0.001667 0.000000 -0.000000 -0.000000
0.056702 -0.001667 -0.000000 0.000000 0.000000
0.056702 -0.001667 0.000000 -0.000000 -0.000000
0.056702 -0.001667 -0.000000 0.000000 0.000000
0.056702 -0.001667 0.000000 -0.000000 -0.000000
0.056702 -0.001667 -0.000000 0.000000 0.000000
0.056702 -0.001667 0.000000 -0.000000 -0.000000
0.056702 -0.001667 0.000000 -0.000000 -0.000000
0.056702 -0.001667 -0.000000 0.000000 0.000000
0.056702 -0.001667 0.000000 -0.000000 -0.000000
0.056702 -0.001667 -0.000000 0.000000 0.000000
0.056702 -0.001667 -0.000000 0.000000 0.000000
0.056702 -0.001667 0.000000 -0.000000 -0.000000
0.056702 -0.001667 -0.000000 0.000000 0.000000
0.056702 -0.001667 0.000000 -0.000000 -0.000000
0.056702 -0.001667 0.000000 -0.000000 -0.000000
0.056702 -0.001667 -0.000000 0.000000 0.000000
0.056702 -0.001667 0.000000 -0.000000 -0.000000
0.056702 -0.001667 -0.000000 0.000000 0.000000
0.056702 -0.001667 0.000000 -0.000000 -0.000000
0.056702 -0.001667 -0.000000 0.000000 0.000000
0.056702 -0.001667 0.000000 -0.000000 -0.000000
0.056702 -0.001667 -0.000000 0.000000 0.000000
0.056702 -0.001667 0.000000 -0.000000 -0.000000
0.056702 -0.001667 -0.000000 0.000000 0.000000
0.056702 -0.001667 0.000000 -0.000000 -0.000000
0.056702 -0.001667 -0.000000 0.000000 0.000000
0.056702 -0.001667 0.000000 -0.000000 -0.000000
0.056702 -0.001667 0.000000 -0.000000 -0.000000
0.056702 -0.001667 -0.000000 0.000000 0.000000
0.056702 -0.001667 0.000000 -0.000000 -0.000000
0.056702 -0.001667 0.000000 0.000000 0.000000
0.056702 -0.001667 0.000000 0.000000 0.000000
0.056702 -0.001667 0.000000 -0.000000 -0.000000
0.056702 -0.001667 -0.000000 0.000000 0.000000
0.056702 -0.001667 0.000000 -0.000000 -0.000000
0.056702 -0.001667 0.000000 -0.000000 -0.000000
0.056702 -0.001667 -0.000000 0.000000 0.000000
0.056702 -0.001667 0.000000 -0.000000 -0.000000
0.056702 -0.001667 -0.000000 0.000000 0.000000
0.056702 -0.001667 0.000000 -0.000000 -0.000000
0.056702 -0.001667 -0.000000 0.000000 0.000000
0.056702 -0.001667 -0.000000 0.000000 0.000000
0.056702 -0.001667 0.000000 -0.000000 -0.000000
0.056702 -0.001667 -0.000000 0.000000 0.000000
0.056702 -0.001667 0.000000 -0.000000 -0.000000
0.056702 -0.001667 -0.000000 0.000000 0.000000
0.056702 -0.001667 0.000000 -0.000000 -0.000000
0.056702 -0.001667 -0.000000 0.000000 0.000000
0.056702 -0.001667 0.000000 -0.000000 -0.000000
0.056702 -0.001667 -0.000000 0.000000 0.000000
0.056702 -0.001667 0.000000 -0.000000 -0.000000
0.056702 -0.001667 0.000000 -0.000000 -0.000000
0.056702 -0.001667 -0.000000 0.000000 0.000000
0.056702 -0.001667 0.000000 -0.000000 -0.000000
0.056702 -0.001667 -0.000000 0.000000 0.000000
0.056702 -0.001667 0.000000 -0.000000 -0.000000
0.056702 -0.001667 -0.000000 0.000000 0.000000
0.056702 -0.001667 0.000000 -0.000000 -0.000000
0.056702 -0.001667 -0.000000 0.000000 0.000000
0.056702 -0.001667 0.000000 -0.000000 -0.000000
