0.002739 -0.004604 -0.009181 -0.009669 -0.529704
-0.001145 0.003090 -0.184583 0.390280 -0.476714
-0.011650 0.025611 -0.340516 0.735365 0.132699
-0.024335 0.052637 -0.294438 0.622896 1.074820
-0.028996 0.061516 0.059956 -0.165964 -0.417819
-0.029541 0.062970 -0.086635 0.233403 1.563650
-0.022729 0.049556 0.425844 -0.891280 -0.702468
-0.010617 0.027070 0.181085 -0.246299 -0.337392
-0.005725 0.023411 0.064050 0.058346 -1.362620
-0.012278 0.047185 -0.390431 1.119872 1.513652
-0.017781 0.068442 0.112991 -0.036042 1.080606
-0.006252 0.052153 0.462672 -0.771579 -0.826208
0.006517 0.036265 0.177122 -0.036063 0.224425
0.014992 0.032337 0.246506 -0.159385 0.363710
0.027158 0.021412 0.361651 -0.385883 -0.350616
0.039168 0.012446 0.239512 -0.068611 0.791314
0.053956 -0.002002 0.499255 -0.648518 -1.367632
0.064716 -0.006038 0.040513 0.430737 1.311982
0.075124 -0.009609 0.478371 -0.595572 -0.256567
0.092465 -0.028846 0.389380 -0.373244 -0.300567
0.106031 -0.039262 0.289466 -0.152768 0.307557
0.119701 -0.050731 0.393857 -0.419194 -2.072131
0.121714 -0.036275 -0.291172 1.123559 1.317661
0.119065 -0.013843 0.156656 0.017778 0.727776
0.130192 -0.024595 0.398988 -0.549508 -1.340003
0.137197 -0.025775 -0.047113 0.475850 0.622555
0.139569 -0.017477 0.164775 -0.051941 0.277611
0.148025 -0.024097 0.257803 -0.277212 -1.045283
0.151385 -0.019265 -0.088706 0.508766 0.960493
0.154334 -0.014740 0.234872 -0.270690 -0.266043
0.161940 -0.021407 0.145871 -0.066839 -0.178547
0.166614 -0.021692 0.088027 0.050863 -0.641557
0.165913 -0.010321 -0.122551 0.513442 -0.765837
0.156008 0.021110 -0.372437 1.056635 1.747860
0.152838 0.035674 0.211511 -0.306168 0.164655
0.162258 0.022192 0.259607 -0.369713 -0.079345
0.171997 0.009688 0.227785 -0.259487 0.162532
0.182117 -0.002559 0.278285 -0.353967 0.186407
0.194428 -0.019110 0.337398 -0.475169 -1.129765
0.200368 -0.020517 -0.039018 0.392345 1.355240
0.207916 -0.026585 0.414821 -0.681819 -0.678776
0.219939 -0.043089 0.187494 -0.154169 -0.342429
0.225224 -0.044745 0.077165 0.067904 -0.324899
0.226251 -0.038123 -0.025627 0.261751 1.079155
0.232519 -0.045404 0.337756 -0.614854 -1.808014
0.234010 -0.042456 -0.261144 0.743810 0.413265
0.226513 -0.020982 -0.114727 0.339736 0.452194
0.225024 -0.015238 0.039623 -0.046036 0.436463
0.229535 -0.024037 0.185535 -0.390790 -0.294596
0.234987 -0.035143 0.087636 -0.169828 -0.792954
0.233269 -0.030316 -0.172764 0.404066 0.081391
0.227025 -0.016611 -0.139837 0.285533 0.458146
0.224558 -0.012961 0.015797 -0.096947 -1.796939
0.213249 0.010630 -0.579561 1.262084 1.326254
0.199055 0.039340 -0.132398 0.194392 0.353482
0.196049 0.042383 -0.018326 -0.038345 0.891462
0.201140 0.028244 0.272200 -0.662717 -1.587293
0.201304 0.027692 -0.262012 0.617023 0.623071
0.194995 0.042670 -0.054524 0.141657 0.113973
0.193492 0.047435 -0.020772 0.098173 0.197834
0.193879 0.049347 0.039895 -0.000792 1.232656
0.203551 0.031607 0.442744 -0.877620 -0.082928
0.220498 -0.000269 0.405408 -0.724569 0.116952
0.237372 -0.030033 0.438794 -0.768873 -0.311206
0.252793 -0.055627 0.333160 -0.519523 -1.489938
0.256253 -0.054123 -0.158475 0.579613 -0.284542
0.248222 -0.028554 -0.243400 0.702209 0.140414
0.239582 -0.004177 -0.189280 0.523921 0.331320
0.234298 0.010936 -0.075669 0.238769 0.282479
0.233156 0.016128 0.018138 0.024837 0.115686
0.234613 0.015731 0.054584 -0.043768 0.706656
0.241448 0.003595 0.286618 -0.558228 -0.269575
0.251020 -0.013717 0.192674 -0.314226 0.302060
0.260711 -0.030778 0.291878 -0.539049 -1.217422
0.264271 -0.033602 -0.112419 0.384297 0.591589
0.263835 -0.028564 0.089780 -0.124307 -0.291944
0.265525 -0.029510 -0.004983 0.074007 -0.664611
0.260977 -0.017089 -0.221885 0.542992 0.927081
0.258385 -0.010695 0.090996 -0.211469 -1.898300
0.249386 0.010083 -0.539101 1.234161 1.661095
0.239032 0.032562 0.018886 -0.086931 1.272952
0.248164 0.010452 0.436728 -1.010144 -1.449477
0.255811 -0.006052 -0.052278 0.165174 0.258439
0.255473 -0.003736 0.034998 -0.045948 0.802309
0.262206 -0.017885 0.300995 -0.655730 -0.516671
0.270745 -0.035679 0.126942 -0.243343 -0.884931
0.269977 -0.032295 -0.164413 0.404117 -0.052855
0.263178 -0.016571 -0.175821 0.385434 -0.014209
0.256144 -0.001800 -0.176226 0.356472 0.526636
0.252654 0.003885 0.000970 -0.065176 -0.647400
0.248366 0.011437 -0.214752 0.437218 0.670686
0.244275 0.018342 0.009282 -0.083286 0.766111
0.249686 0.003816 0.260684 -0.638097 -0.733244
0.255128 -0.009464 0.012570 -0.036990 -0.286588
0.253736 -0.006674 -0.081858 0.174085 -0.946051
0.244207 0.014474 -0.393900 0.877601 0.469827
0.231675 0.041564 -0.233854 0.487816 2.497135
0.238901 0.023120 0.592706 -1.387809 -2.092562
0.248425 0.002181 -0.113523 0.313044 0.852145
0.249590 0.001286 0.170761 -0.348703 -0.404212
0.253671 -0.005914 0.033919 -0.017373 -0.336155
0.252797 -0.001516 -0.077317 0.234601 0.201880
0.251081 0.004460 -0.008859 0.067739 0.660553
0.255115 -0.002924 0.209959 -0.431369 -0.213853
0.262027 -0.016342 0.136161 -0.244852 -1.191821
0.259540 -0.007839 -0.259280 0.659036 0.800818
0.254608 0.005198 0.011433 0.004594 -0.039559
0.254786 0.006146 -0.002474 0.042460 0.502369
0.258017 0.000254 0.163526 -0.332940 -1.139013
0.256925 0.004930 -0.216837 0.555155 0.262628
0.250066 0.022517 -0.126771 0.330871 0.801461
0.250320 0.023570 0.138507 -0.269558 0.425144
0.258589 0.007210 0.274803 -0.547787 -0.166534
0.268367 -0.011198 0.214730 -0.378640 -0.469594
0.273794 -0.018838 0.057302 -0.010100 0.295377
0.278084 -0.024159 0.156956 -0.253571 -0.016809
0.284260 -0.034223 0.152024 -0.251662 -2.128872
0.276215 -0.012022 -0.552247 1.344019 2.055708
0.268026 0.008124 0.139816 -0.309535 -0.567188
0.269776 0.005099 -0.051542 0.151262 1.154824
0.275403 -0.006635 0.331748 -0.727950 -0.492562
0.285295 -0.027326 0.163925 -0.316556 -0.495603
0.288564 -0.032551 0.000210 0.049111 0.485704
0.291879 -0.038827 0.164998 -0.358410 -0.340913
0.296241 -0.048319 0.053668 -0.121474 -1.494499
0.288539 -0.031178 -0.437477 0.966912 0.839324
0.276836 -0.007374 -0.149196 0.238111 -0.342002
0.268645 0.006947 -0.260235 0.477396 0.401799
0.260965 0.019425 -0.124512 0.153575 -0.562728
0.252222 0.034488 -0.312249 0.596284 1.104379
0.247087 0.041433 0.054079 -0.235887 -0.169157
0.247996 0.035907 -0.008275 -0.044175 0.070022
0.248040 0.033997 0.010521 -0.051555 0.535933
0.251937 0.024608 0.183943 -0.414702 0.301378
0.261177 0.004558 0.278153 -0.589313 0.652071
0.276535 -0.028096 0.489640 -1.043393 -2.485549
0.279490 -0.030893 -0.338849 0.875962 1.545280
0.276410 -0.021433 0.182740 -0.383485 -0.483729
0.280487 -0.029290 0.021870 -0.016128 -0.245416
0.279789 -0.026788 -0.056580 0.139525 -0.568146
0.273825 -0.013253 -0.241280 0.534372 0.027926
0.264468 0.006707 -0.227065 0.468508 1.551001
0.265756 0.001185 0.289731 -0.728893 -0.596532
0.273261 -0.017769 0.086679 -0.229610 -0.979294
0.270217 -0.011982 -0.237854 0.509750 0.802094
0.266140 -0.004840 0.032878 -0.142078 0.237858
0.269025 -0.014066 0.111264 -0.318587 0.137689
0.274373 -0.028792 0.156243 -0.419232 -0.887911
0.274717 -0.032007 -0.137927 0.248469 -0.877646
0.263471 -0.009634 -0.423857 0.865999 0.351919
0.249011 0.018248 -0.300189 0.538262 0.044719
0.237343 0.038827 -0.283688 0.495347 1.827754
0.238135 0.030871 0.321391 -0.875618 -0.720876
0.245995 0.008835 0.072941 -0.239354 -1.025161
0.242035 0.015571 -0.269803 0.566153 1.273160
0.239760 0.018305 0.154456 -0.415093 -0.403512
0.243147 0.008916 0.015647 -0.061135 -0.366122
0.241305 0.012423 -0.107363 0.233033 0.608594
0.241063 0.012412 0.094522 -0.227100 0.122131
0.245590 0.002084 0.131930 -0.290492 -0.364257
0.248391 -0.003463 0.008690 0.007877 -0.202668
0.247395 -0.000085 -0.058323 0.159579 -0.722461
0.240276 0.017224 -0.297089 0.701620 0.350571
0.230788 0.039409 -0.178179 0.416103 0.881925
0.229495 0.042927 0.112412 -0.230366 0.015603
0.233958 0.034823 0.110992 -0.177150 1.283610
0.246823 0.009123 0.531336 -1.100187 -0.439181
0.264960 -0.026407 0.376791 -0.689118 -0.496073
0.276678 -0.046000 0.210108 -0.299972 -1.264394
0.276725 -0.039225 -0.206425 0.627118 0.221744
0.270118 -0.019248 -0.124675 0.379141 0.786478
0.270457 -0.017075 0.140606 -0.261086 -1.018116
0.269303 -0.011885 -0.197231 0.510747 0.588234
0.265426 -0.001410 0.002421 0.021941 0.732845
0.270400 -0.011814 0.245594 -0.536334 -1.336594
0.271273 -0.012253 -0.200295 0.499747 0.890496
0.269284 -0.006856 0.099613 -0.218792 -0.156147
0.272208 -0.013037 0.046902 -0.093250 -0.772708
0.268955 -0.005036 -0.208790 0.486756 0.346831
0.262992 0.008376 -0.090071 0.190707 0.666561
0.263830 0.005743 0.131221 -0.315784 -0.654487
0.264661 0.003761 -0.088834 0.208943 0.670408
0.265586 0.001667 0.134350 -0.306836 0.670552
0.275366 -0.020421 0.354306 -0.795035 -1.419368
0.280019 -0.029799 -0.119750 0.308643 -0.365598
0.272907 -0.012905 -0.235825 0.536226 0.241109
0.265185 0.003860 -0.150942 0.308564 0.943958
0.265462 0.001414 0.163708 -0.421102 0.056182
0.272314 -0.015661 0.179203 -0.435853 -1.505582
0.269434 -0.009714 -0.321548 0.718232 1.569728
0.267142 -0.006251 0.204957 -0.526931 -0.074975
0.274773 -0.025583 0.177095 -0.444650 -0.677735
0.277337 -0.032929 -0.047948 0.068623 -0.283367
0.273617 -0.026658 -0.137893 0.243714 -0.292703
0.266250 -0.013328 -0.230423 0.422933 -0.545165
0.253501 0.011121 -0.406926 0.799054 1.660217
0.248363 0.016804 0.147923 -0.495559 -0.732107
0.249298 0.009311 -0.100123 0.110943 -0.750102
0.240299 0.025372 -0.349211 0.687121 -0.325084
0.224218 0.057547 -0.455058 0.924523 1.539214
0.216253 0.071098 0.054688 -0.227711 1.448019
0.227867 0.041808 0.525127 -1.229148 -0.780494
0.243400 0.007273 0.253207 -0.514204 -0.274026
0.251605 -0.008185 0.157721 -0.265240 0.229569
0.259412 -0.022113 0.232654 -0.431563 -1.059608
0.261649 -0.022996 -0.119564 0.375870 -0.702274
0.252297 0.001834 -0.347726 0.863721 0.402508
0.241188 0.029130 -0.208816 0.511498 0.856914
0.238541 0.036475 0.075304 -0.133686 0.214281
0.242870 0.028910 0.141124 -0.244488 0.074816
0.248904 0.019027 0.160739 -0.251489 0.080492
0.255780 0.008559 0.183244 -0.273712 0.681523
0.267574 -0.012246 0.406095 -0.763775 0.180393
0.284919 -0.044781 0.461597 -0.867846 -1.733105
0.291822 -0.052751 -0.114231 0.449046 -1.151228
0.279775 -0.018902 -0.487574 1.239316 2.288258
0.275717 -0.006534 0.281618 -0.592815 -1.222509
0.278769 -0.010783 -0.127451 0.366054 0.154308
0.274772 0.000791 -0.072866 0.217045 0.425253
0.274712 0.002710 0.069321 -0.116040 0.140245
0.278389 -0.003826 0.114501 -0.210735 -0.688221
0.278362 -0.001447 -0.115055 0.322679 0.683554
0.278354 0.000536 0.113770 -0.215589 0.221577
0.284339 -0.011149 0.185493 -0.368842 -0.440592
0.288792 -0.018859 0.037829 -0.023061 -0.134732
0.289443 -0.018079 -0.005178 0.061053 -0.133207
0.288395 -0.014052 -0.047177 0.139966 0.282048
0.288432 -0.013261 0.048674 -0.096925 -0.334456
0.288166 -0.012140 -0.061643 0.149716 0.902955
0.291752 -0.020467 0.240042 -0.557787 -1.299395
0.292670 -0.022517 -0.192592 0.440868 -1.039616
0.278165 0.010013 -0.532112 1.181691 1.345876
0.265987 0.035301 -0.078958 0.103076 0.181575
0.263971 0.037358 -0.022087 0.001618 0.565365
0.266760 0.029651 0.161094 -0.383085 -0.526840
0.269571 0.023659 -0.019719 0.075907 0.928156
0.274909 0.012934 0.285759 -0.604808 -0.370777
0.283746 -0.004410 0.156959 -0.270496 -1.404415
0.280645 0.006651 -0.310561 0.810569 1.633178
0.279188 0.013103 0.235583 -0.468695 0.503509
0.291853 -0.012405 0.397663 -0.806989 -0.376246
0.305155 -0.038069 0.268414 -0.485889 -0.905778
0.309874 -0.043798 -0.031308 0.188781 1.217974
0.316839 -0.056160 0.378268 -0.795339 -1.129486
0.324464 -0.070874 0.004602 0.044654 -0.743450
0.319870 -0.059374 -0.233780 0.525948 -0.417980
0.307949 -0.033973 -0.362390 0.746130 1.106842
0.301004 -0.022880 0.013497 -0.176461 -0.687965
0.296993 -0.019642 -0.213290 0.331880 0.030915
0.288763 -0.007715 -0.198543 0.267709 0.242284
0.282493 -0.001241 -0.115407 0.060199 -0.377382
0.275381 0.006881 -0.239933 0.343531 -0.443378
0.262873 0.027159 -0.385299 0.669786 1.438792
0.257072 0.031628 0.093440 -0.429956 -0.360013
0.258281 0.021295 -0.032287 -0.093447 -0.367847
0.254482 0.023856 -0.157257 0.217674 0.200943
0.249507 0.029773 -0.091796 0.081295 0.958071
0.252152 0.018932 0.223161 -0.615770 -1.588736
0.250374 0.020003 -0.310132 0.651700 0.517620
0.241463 0.037753 -0.136377 0.245135 1.758215
0.247649 0.021163 0.444021 -1.059829 -0.196999
0.263889 -0.016259 0.369004 -0.821981 -1.613084
0.267827 -0.023604 -0.169991 0.435578 -1.090527
0.253888 0.009482 -0.526380 1.214320 1.877454
0.245480 0.027857 0.103292 -0.270855 1.740095
0.261079 -0.008655 0.675388 -1.544240 -1.480747
0.278024 -0.045779 0.174538 -0.336677 -0.798834
0.279742 -0.047570 -0.087716 0.238703 -0.078988
0.275847 -0.038197 -0.107205 0.231855 -0.540635
0.268082 -0.021786 -0.280829 0.587005 -0.007343
0.256936 0.000550 -0.276955 0.534924 0.491695
0.249208 0.013723 -0.110328 0.132012 0.420192
0.247579 0.012723 0.028389 -0.177811 -1.036518
0.241763 0.022100 -0.318062 0.637006 1.391247
0.238339 0.025915 0.145123 -0.430430 -0.229876
0.242490 0.013441 0.063015 -0.198988 -0.921810
0.238816 0.020257 -0.245703 0.530877 0.582160
0.232892 0.032353 -0.051439 0.082671 1.004609
0.237452 0.020919 0.278526 -0.646476 -0.501433
0.245109 0.004152 0.105306 -0.201376 0.284254
0.251167 -0.007862 0.197520 -0.398966 -1.582857
0.248491 0.000889 -0.329624 0.821179 0.643193
0.239702 0.022822 -0.111076 0.287328 0.451175
0.238246 0.027577 0.037708 -0.043938 0.461863
0.242752 0.019472 0.187249 -0.358515 -0.586679
0.246235 0.015121 -0.012251 0.133195 0.501429
0.249060 0.012967 0.152935 -0.236097 -0.676065
0.250608 0.014574 -0.074724 0.309115 1.332329
0.256487 0.006449 0.367282 -0.702838 0.713889
0.275797 -0.031494 0.598139 -1.194763 -1.490605
0.289691 -0.055497 0.098885 -0.026994 -0.091790
0.293148 -0.056377 0.074021 -0.017323 -1.389248
0.286990 -0.037012 -0.380778 0.975788 0.606639
0.276018 -0.009415 -0.169192 0.417233 0.615721
0.273426 -0.002922 0.038709 -0.084271 -0.407799
0.272252 0.000057 -0.097002 0.229374 1.013190
0.275142 -0.006601 0.240441 -0.552603 -0.100127
0.284021 -0.026544 0.204020 -0.449917 -2.855266
0.273178 -0.000668 -0.743326 1.718637 2.240383
0.258607 0.031391 0.011297 -0.083676 0.479686
0.262163 0.021559 0.166193 -0.405368 0.556953
0.272402 -0.002129 0.345628 -0.778527 -0.978096
0.279603 -0.017213 0.015935 0.010246 0.158176
0.281328 -0.019607 0.070148 -0.128468 -0.220058
0.282690 -0.021611 -0.001745 0.025696 0.124320
0.283496 -0.022991 0.041871 -0.093333 -1.469930
0.275428 -0.004519 -0.443948 1.005254 1.803987
0.269830 0.006564 0.161613 -0.428734 -1.395900
0.266927 0.011622 -0.305166 0.667250 1.451204
0.264445 0.015438 0.179262 -0.459866 -0.780713
0.266315 0.010047 -0.084668 0.180304 0.410890
0.265663 0.010979 0.051552 -0.129178 1.634300
0.278548 -0.018829 0.591366 -1.349965 -1.930820
0.289194 -0.041777 -0.056204 0.176243 -0.547714
0.283420 -0.027489 -0.232224 0.535983 0.300596
0.276270 -0.011985 -0.126005 0.246323 0.026517
0.271468 -0.003112 -0.114319 0.199714 0.529118
0.270450 -0.003558 0.062806 -0.216255 -0.573333
0.269122 -0.003160 -0.128528 0.229997 1.887569
0.276577 -0.023307 0.499388 -1.220865 -1.350649
0.287435 -0.050284 0.045729 -0.148751 -1.803115
0.277365 -0.029514 -0.547645 1.173168 0.798484
0.261013 0.002927 -0.271632 0.465138 0.661969
0.254616 0.010838 -0.049183 -0.060640 -0.560212
0.248889 0.017380 -0.236565 0.382807 0.360732
0.241846 0.027074 -0.116230 0.107744 -0.937307
0.230920 0.046289 -0.429242 0.846219 1.728885
0.225266 0.053614 0.144347 -0.459954 0.231586
0.232390 0.033558 0.212052 -0.545642 0.201764
0.242053 0.010180 0.271440 -0.626754 -0.678497
0.248275 -0.003353 0.040801 -0.060474 0.060674
0.250305 -0.006660 0.060659 -0.104937 -0.675023
0.248235 -0.000461 -0.163457 0.408929 0.277425
0.243601 0.011118 -0.068841 0.175592 0.635630
0.245073 0.008442 0.141729 -0.303187 0.356147
0.253041 -0.008514 0.256645 -0.544616 -1.966744
0.250156 0.000488 -0.398737 0.975182 1.072867
0.241485 0.021764 -0.036576 0.105147 0.413894
0.242737 0.020022 0.098750 -0.188473 0.224000
0.248098 0.009803 0.169285 -0.322608 -0.541824
0.251188 0.005926 -0.014014 0.121777 0.303418
0.252645 0.006157 0.086477 -0.107003 -0.964505
0.249651 0.017026 -0.235182 0.642095 2.015479
0.253702 0.011341 0.435426 -0.905832 -1.469851
0.261172 -0.000790 -0.059877 0.280265 1.189366
0.266725 -0.008198 0.336250 -0.639205 -1.104494
0.272741 -0.016088 -0.033908 0.230902 0.195464
0.272749 -0.010490 0.033892 0.052607 0.123971
0.274953 -0.010558 0.076174 -0.054525 -0.079488
0.277480 -0.011645 0.050262 -0.000783 0.811356
0.284906 -0.024365 0.320323 -0.628883 -1.050685
0.290684 -0.033069 -0.030000 0.180482 -0.662641
0.285172 -0.016641 -0.245202 0.637796 1.040096
0.282411 -0.008305 0.105702 -0.207504 -0.556753
0.282918 -0.007927 -0.079692 0.220472 0.200525
0.281111 -0.002628 -0.011031 0.047980 0.428474
0.283529 -0.007377 0.131501 -0.281746 0.199085
0.290083 -0.021460 0.196231 -0.423245 -0.359375
0.295521 -0.032766 0.076347 -0.148172 0.091646
0.299232 -0.040626 0.109177 -0.245041 -0.595251
0.299692 -0.041876 -0.085485 0.176357 -0.181040
0.295187 -0.033219 -0.139790 0.257080 -0.385050
0.287147 -0.018107 -0.262134 0.498138 0.915957
0.282870 -0.013309 0.047063 -0.246860 -0.274968
0.282916 -0.018911 -0.044310 -0.037296 -0.184275
0.279956 -0.017935 -0.103548 0.084589 -0.066840
0.275424 -0.014028 -0.123097 0.111156 -1.031462
0.263688 0.005817 -0.462855 0.874293 0.697779
0.249938 0.029063 -0.226032 0.300765 0.260951
0.242614 0.037389 -0.140588 0.119758 1.061255
0.243983 0.026630 0.208057 -0.649112 -0.557566
0.248439 0.010745 0.015812 -0.155181 -0.844955
0.243403 0.018007 -0.266727 0.510390 0.437312
0.235679 0.031478 -0.120282 0.170612 0.305246
0.232851 0.034156 -0.021471 -0.033289 0.512147
0.235314 0.025838 0.144246 -0.379409 0.175754
0.242135 0.009108 0.196965 -0.459298 -0.616048
0.245821 0.001065 -0.011699 0.048472 -0.119097
0.244562 0.004835 -0.051214 0.139462 -0.503249
0.239172 0.018111 -0.217950 0.521628 -0.043613
0.230198 0.039411 -0.231085 0.547219 1.760958
0.232652 0.034513 0.351852 -0.774607 -0.986922
0.239963 0.020562 0.015208 0.062677 0.491761
0.243798 0.015959 0.176103 -0.288837 0.326723
0.252929 0.000191 0.280380 -0.499713 1.238745
0.272298 -0.038105 0.687351 -1.409660 -1.810439
0.287617 -0.065680 0.081472 0.004914 -1.782705
0.279168 -0.039654 -0.502564 1.284201 1.713444
0.270737 -0.017186 0.078440 -0.136715 -1.008996
0.267176 -0.007331 -0.255496 0.620780 1.004823
0.263747 0.001102 0.082616 -0.186111 0.498666
0.270334 -0.013690 0.246448 -0.551308 -1.028103
0.273296 -0.019493 -0.096974 0.248756 -0.732695
0.264621 0.000967 -0.336370 0.770960 1.828669
0.263442 0.002741 0.275157 -0.661749 -1.003001
0.267666 -0.007333 -0.062493 0.144698 0.771346
0.270332 -0.013722 0.194985 -0.456944 -1.192124
0.270160 -0.013358 -0.202173 0.462288 -0.470637
0.259039 0.011473 -0.353834 0.779739 0.704809
0.249664 0.031100 -0.116194 0.213516 1.325245
0.253789 0.019772 0.321161 -0.768482 -0.277426
0.264626 -0.005182 0.221583 -0.488027 -0.675239
0.268931 -0.013757 -0.005346 0.049975 -0.268908
0.266962 -0.007974 -0.092903 0.237711 0.514036
0.266715 -0.006826 0.079895 -0.174333 -1.027107
0.263064 0.002094 -0.261428 0.611090 -0.259539
0.250965 0.029795 -0.343763 0.777099 2.190184
0.251826 0.026958 0.384284 -0.896100 -0.514812
0.263573 0.000883 0.204292 -0.419381 0.090184
0.272274 -0.016654 0.230999 -0.460391 -0.062130
0.281062 -0.033845 0.208831 -0.403378 -1.891134
0.276848 -0.021155 -0.417585 1.020550 0.524374
0.263830 0.009798 -0.234642 0.539930 0.613428
0.258581 0.021518 -0.028799 0.055270 -0.078992
0.256860 0.025409 -0.057209 0.138886 0.856001
0.260224 0.018267 0.224586 -0.488608 -0.460872
0.266022 0.006923 0.066130 -0.086493 0.263991
0.270388 -0.000272 0.152055 -0.272080 0.568883
0.280208 -0.019494 0.338634 -0.686984 -1.243588
0.285415 -0.027367 -0.076609 0.278160 1.014692
0.289197 -0.032788 0.264530 -0.538793 -0.837586
0.294195 -0.041486 -0.013471 0.093224 -0.995778
0.287137 -0.023523 -0.338706 0.798730 1.278499
0.282262 -0.012789 0.093198 -0.245307 -0.720365
0.281188 -0.011468 -0.146119 0.303863 0.629405
0.279599 -0.009621 0.065869 -0.204001 -0.179979
0.281025 -0.014933 0.005754 -0.064607 0.072320
0.281758 -0.018855 0.030867 -0.131357 -0.642672
0.278739 -0.014468 -0.181176 0.344923 1.141141
0.279166 -0.018966 0.201217 -0.558065 -0.158874
0.286114 -0.038513 0.146794 -0.425030 -1.724216
0.280542 -0.029351 -0.423587 0.866945 0.261796
0.265537 -0.000504 -0.327648 0.585017 0.505270
0.255883 0.014368 -0.155963 0.167419 0.011361
0.249715 0.021029 -0.152583 0.166937 -0.273449
0.241772 0.032200 -0.244410 0.390686 0.553509
0.235664 0.039590 -0.061778 -0.013992 0.544590
0.236723 0.031645 0.114306 -0.379727 -0.333589
0.238947 0.022854 -0.002462 -0.065891 0.191473
0.240059 0.017934 0.057949 -0.179495 0.146598
0.243281 0.009197 0.103227 -0.257991 0.229428
0.248873 -0.004051 0.176394 -0.404948 -0.780714
0.250680 -0.007768 -0.085058 0.209692 -0.210700
0.245921 0.003435 -0.152864 0.350709 -0.328677
0.237662 0.022163 -0.260063 0.586073 0.956982
0.233660 0.030684 0.058625 -0.147923 0.053381
0.236264 0.024900 0.071716 -0.142499 0.405190
0.241746 0.013790 0.202133 -0.411465 0.355942
0.252099 -0.007223 0.315606 -0.640141 -0.315589
0.262537 -0.027249 0.207072 -0.368951 -0.506491
0.267450 -0.034328 0.039315 0.008280 -1.015850
0.262339 -0.019167 -0.294027 0.742568 -0.226647
0.249221 0.012623 -0.362308 0.851629 1.509559
0.244866 0.022700 0.142517 -0.329118 0.005839
0.250500 0.010454 0.139497 -0.286201 0.472007
0.259148 -0.007579 0.292718 -0.614374 0.053071
0.271127 -0.032281 0.306701 -0.625479 -1.232881
0.275169 -0.038250 -0.103041 0.312586 -0.519000
0.267724 -0.019045 -0.269078 0.646860 0.931489
0.263293 -0.008748 0.046193 -0.119277 0.341582
0.267411 -0.018774 0.159498 -0.380329 -0.280728
0.271905 -0.029567 0.065745 -0.164552 0.409113
0.277294 -0.042863 0.203425 -0.498121 -1.432775
0.275924 -0.041106 -0.270319 0.571323 0.266001
0.267057 -0.024022 -0.173765 0.290130 -0.643568
0.255923 -0.003447 -0.382614 0.736430 -0.124368
0.239912 0.026884 -0.418428 0.785449 2.209420
0.237928 0.023990 0.316655 -0.907012 -1.206736
0.242377 0.008043 -0.092361 0.092578 0.360207
0.241074 0.006308 0.026833 -0.175930 0.424094
0.244927 -0.006832 0.165587 -0.479382 -1.223317
0.243355 -0.006699 -0.242729 0.472663 0.903682
0.239743 -0.002432 0.060930 -0.248331 -0.486260
0.238913 -0.004587 -0.101812 0.134746 -0.012604
0.234786 0.000741 -0.104608 0.132769 -0.125490
0.229785 0.007852 -0.145449 0.222901 0.733153
0.228859 0.005421 0.098347 -0.337037 -0.422410
0.229919 -0.000962 -0.044694 0.011727 -0.955045
0.221781 0.014175 -0.361352 0.737907 0.419503
0.210197 0.036626 -0.218832 0.393960 1.221042
0.209539 0.034008 0.184567 -0.512653 0.740902
0.221694 0.003635 0.423002 -1.005193 -1.094931
0.231167 -0.018286 0.052438 -0.107830 -1.135092
0.225735 -0.005406 -0.322962 0.742502 0.511486
0.216340 0.015357 -0.147837 0.305870 0.380077
0.212964 0.021740 -0.021561 0.018636 -0.330155
0.209856 0.028076 -0.133511 0.295502 0.160398
0.205560 0.037732 -0.081632 0.190741 0.146080
0.203206 0.043786 -0.036326 0.114237 0.511096
0.205064 0.041426 0.128749 -0.227877 0.419902
0.212872 0.027182 0.261530 -0.483615 -0.632687
0.218984 0.018880 0.045011 0.059341 1.042311
0.227675 0.005656 0.388604 -0.712423 -0.277874
0.241240 -0.017437 0.290512 -0.450467 -0.762243
0.247752 -0.023500 0.036094 0.137832 0.615016
0.253350 -0.028112 0.243138 -0.362316 -0.599039
0.259091 -0.033527 0.044705 0.084158 1.054548
0.267971 -0.047193 0.398226 -0.758155 -2.008207
0.270533 -0.046764 -0.267749 0.758389 1.025678
0.266856 -0.034223 0.082318 -0.116750 -1.100887
0.262881 -0.022591 -0.280033 0.689423 0.955367
0.258185 -0.011096 0.043810 -0.101356 -0.200312
0.258611 -0.012158 -0.022262 0.045982 -0.550018
0.254093 -0.002175 -0.203213 0.449470 1.720833
0.257482 -0.011249 0.370740 -0.886213 -1.209134
0.264156 -0.027167 -0.035199 0.073619 -0.203726
0.261462 -0.021788 -0.099397 0.194691 0.550307
0.261223 -0.023185 0.086756 -0.258486 -0.442162
0.261764 -0.026895 -0.059144 0.067641 0.122680
0.260283 -0.026758 -0.015067 -0.058982 -1.369958
0.250619 -0.008590 -0.466920 0.956812 0.310051
0.234170 0.023471 -0.356618 0.656786 1.590809
0.230532 0.025015 0.172825 -0.562095 -1.767830
0.225547 0.031043 -0.420028 0.844863 1.162853
0.216536 0.046620 -0.032231 -0.050166 -0.048075
0.214814 0.046536 -0.053741 0.044670 0.726677
0.217395 0.038238 0.182191 -0.454288 0.540605
0.228120 0.013301 0.354021 -0.792785 -0.449932
0.239133 -0.010088 0.197695 -0.386991 -0.508702
0.243616 -0.017428 0.027181 0.012912 -0.239003
0.243149 -0.013620 -0.050347 0.175926 0.506425
0.244556 -0.014874 0.120084 -0.233108 -0.394881
0.246726 -0.018126 -0.011055 0.065627 0.049969
0.246662 -0.016738 0.007755 0.004889 -1.279190
0.238498 0.002752 -0.414873 0.960112 0.670084
0.226496 0.029683 -0.186583 0.399710 0.700006
0.223679 0.035122 0.044775 -0.119320 0.363818
0.227788 0.025782 0.160518 -0.346367 -0.016059
0.233987 0.013279 0.149740 -0.282156 0.422565
0.242708 -0.003770 0.286233 -0.569599 -1.806709
0.242055 0.001923 -0.316833 0.835615 1.330132
0.238346 0.013887 0.129485 -0.220149 -0.404916
0.240761 0.011964 -0.008176 0.118872 1.545127
0.250696 -0.006852 0.503489 -1.047085 -0.655119
0.266326 -0.037385 0.279480 -0.493500 -0.267350
0.275729 -0.053187 0.191260 -0.302446 -0.987476
0.276882 -0.050935 -0.132525 0.405527 0.851852
0.277414 -0.049465 0.157989 -0.321538 -0.108662
0.283069 -0.061343 0.125069 -0.275401 -1.347900
0.279207 -0.052731 -0.316845 0.694236 -0.502889
0.263410 -0.019361 -0.473235 0.976966 -0.129320
0.243812 0.019979 -0.507350 0.997493 0.328228
0.225811 0.053997 -0.393814 0.714200 1.301294
0.218694 0.062961 0.036266 -0.250434 1.405456
0.229307 0.033234 0.493549 -1.228606 -0.251135
0.247118 -0.009609 0.398223 -0.926136 -0.564099
0.259172 -0.036937 0.205716 -0.452416 -2.006272
0.254070 -0.024458 -0.458753 1.057863 0.777671
0.241104 0.003967 -0.191096 0.378452 1.381645
0.242697 -0.002500 0.269236 -0.688134 -2.501660
0.236725 0.009305 -0.565065 1.253481 1.046127
0.221249 0.041954 -0.210728 0.397707 0.718115
0.217558 0.047330 0.025262 -0.120543 0.337798
0.220687 0.038627 0.131041 -0.313612 0.211849
0.227199 0.024189 0.194686 -0.409803 0.246588
0.236505 0.005162 0.270758 -0.543420 0.084673
0.247798 -0.016985 0.294273 -0.567959 -0.973708
0.253037 -0.024339 -0.030973 0.188124 -0.014551
0.251778 -0.017363 -0.032149 0.162381 1.896663
0.263165 -0.040577 0.599565 -1.306733 -1.082463
0.279835 -0.075400 0.236056 -0.453860 -1.516227
0.279303 -0.071471 -0.261081 0.635914 -0.955100
0.262762 -0.033867 -0.565792 1.243602 1.327265
0.249220 -0.006921 -0.113484 0.124512 0.123506
0.245537 -0.004136 -0.070884 0.016785 -1.305245
0.234032 0.016499 -0.503229 1.005140 0.713823
0.218768 0.044813 -0.261455 0.424486 1.041354
0.215196 0.046329 0.081666 -0.337629 0.629228
0.222492 0.024729 0.282901 -0.741082 -1.744617
0.222034 0.023481 -0.303580 0.658789 0.943507
0.216211 0.035051 0.011013 -0.067680 0.322746
0.218705 0.028335 0.113526 -0.266671 -0.453482
0.220122 0.025688 -0.042034 0.128271 -0.220623
0.216930 0.034675 -0.117436 0.320198 1.144680
0.219809 0.030340 0.260157 -0.525990 -0.229926
0.228532 0.014285 0.176657 -0.283302 0.912189
0.241583 -0.010302 0.475352 -0.941688 -1.150546
0.252816 -0.029230 0.088094 -0.021467 0.067231
0.256841 -0.031724 0.113077 -0.102605 -0.222705
0.259931 -0.032963 0.041673 0.038385 -0.875330
0.255849 -0.018761 -0.245068 0.665825 0.437612
0.249094 -0.000132 -0.093631 0.274762 0.980189
0.251906 -0.004529 0.233118 -0.484805 0.462836
0.264240 -0.030446 0.383561 -0.811556 -0.739348
0.274604 -0.051142 0.136002 -0.235605 -2.267751
0.265042 -0.026617 -0.612108 1.443697 0.723237
0.245642 0.017515 -0.359704 0.780833 2.390034
0.247227 0.011444 0.436229 -1.059825 -0.881673
0.258622 -0.015686 0.135198 -0.312507 -0.500812
0.260683 -0.020403 -0.031459 0.070307 0.193303
0.260764 -0.021092 0.035240 -0.102464 -1.406778
0.252845 -0.003900 -0.429875 0.950780 0.745952
0.240764 0.021346 -0.175676 0.325331 0.576367
0.237569 0.025606 0.015213 -0.105412 -0.126359
0.237262 0.024103 -0.030368 0.028109 -0.828008
0.230488 0.038502 -0.307569 0.685375 2.303328
0.233513 0.030600 0.456318 -1.057760 -1.609973
0.240825 0.015178 -0.088414 0.265243 -0.064352
0.236861 0.026820 -0.109931 0.318381 1.079931
0.239628 0.023218 0.247086 -0.487855 -0.980926
0.242854 0.020008 -0.084474 0.315463 0.869859
0.245256 0.019361 0.203561 -0.338776 0.371528
0.255767 0.001054 0.321963 -0.576834 -0.216136
0.267109 -0.017853 0.245811 -0.375120 -0.286234
0.275012 -0.028325 0.149869 -0.153715 -0.316087
0.278936 -0.030025 0.046717 0.065298 0.221680
0.282348 -0.031555 0.123610 -0.139244 -0.034364
0.287106 -0.037100 0.114413 -0.139101 -1.119065
0.284297 -0.026119 -0.253849 0.678906 1.394217
0.283572 -0.021849 0.215788 -0.448764 -1.208266
0.284143 -0.021112 -0.185805 0.472837 0.426636
0.279663 -0.009835 -0.038973 0.098483 0.526035
0.281637 -0.014299 0.137089 -0.316752 -0.619012
0.282983 -0.017332 -0.068961 0.157819 -0.803887
0.274937 0.000754 -0.332792 0.741884 0.724339
0.266552 0.018365 -0.087729 0.150495 1.411123
0.272407 0.002973 0.379185 -0.908359 -0.623068
0.283282 -0.022469 0.165872 -0.376281 -1.297486
0.281277 -0.017576 -0.264699 0.608115 0.695157
0.275442 -0.005115 -0.028205 0.025564 0.305341
0.276358 -0.008901 0.073698 -0.212283 -1.024369
0.272477 -0.001542 -0.266664 0.570684 0.625519
0.266059 0.010912 -0.055254 0.061675 -0.170580
0.262697 0.016207 -0.112734 0.202136 1.184049
0.266055 0.006248 0.279459 -0.689567 -1.224099
0.268969 -0.001425 -0.132089 0.290669 -0.357001
0.261355 0.015303 -0.248539 0.545457 1.461882
0.261182 0.014334 0.238174 -0.578349 -0.076719
0.270076 -0.006478 0.207059 -0.467887 -0.126480
0.277456 -0.022736 0.162453 -0.349943 -0.665031
0.279525 -0.026544 -0.058154 0.151740 0.642682
0.281552 -0.031127 0.158785 -0.374387 -0.636393
0.283682 -0.036521 -0.051472 0.096941 -0.636899
0.277482 -0.023810 -0.258103 0.535012 -0.648316
0.262978 0.006315 -0.466970 0.971091 1.743236
0.256027 0.017262 0.117084 -0.402195 -0.351047
0.258275 0.007537 -0.004014 -0.090328 -0.585887
0.254186 0.013254 -0.199857 0.370837 0.017022
0.246330 0.027673 -0.193231 0.353217 2.362930
0.254306 0.005726 0.589728 -1.430165 -2.529558
0.260837 -0.010539 -0.259768 0.585353 0.732874
0.255430 0.000625 -0.011683 -0.016488 0.993539
0.261566 -0.015227 0.317574 -0.768662 -2.352074
0.258539 -0.009136 -0.466235 1.048941 1.258456
0.248437 0.011910 -0.040809 0.021954 0.006230
0.246821 0.012975 -0.040015 0.031409 0.639454
0.249447 0.004704 0.170752 -0.439992 -1.329250
0.247355 0.008261 -0.273806 0.603866 0.600853
0.240470 0.022609 -0.071487 0.123168 0.717261
0.242346 0.016920 0.164577 -0.401384 0.382667
0.251372 -0.004046 0.286744 -0.647603 -0.363895
0.260327 -0.023549 0.161888 -0.335802 -0.895334
0.260846 -0.023291 -0.134936 0.339261 -0.513669
0.252131 -0.002786 -0.300647 0.685223 0.780082
0.245401 0.011696 -0.037104 0.050668 0.318550
0.246014 0.009071 0.067453 -0.179194 0.590088
0.252587 -0.006674 0.260808 -0.605207 -1.003265
0.256265 -0.014777 -0.075514 0.187262 0.547443
0.256944 -0.016253 0.108795 -0.255111 -0.455925
0.258257 -0.019454 -0.042516 0.089560 -0.473760
0.253460 -0.009129 -0.197048 0.424022 0.737465
0.250565 -0.004242 0.051334 -0.170334 -0.740634
0.247674 0.000488 -0.195137 0.399762 0.605542
0.243954 0.006688 0.008269 -0.081767 0.074513
0.244750 0.002573 0.031584 -0.124212 -0.180355
0.244787 0.000637 -0.029487 0.024941 -0.088342
0.243020 0.003010 -0.058819 0.093203 0.418477
0.243455 0.000290 0.080163 -0.225244 -0.034360
0.246396 -0.007848 0.067077 -0.183849 -1.661349
0.238015 0.010422 -0.484516 1.083177 1.448625
0.228408 0.030333 0.001983 -0.067357 0.534241
0.231959 0.020269 0.175211 -0.432725 -0.435171
0.235959 0.010733 0.025521 -0.051308 1.789265
0.248845 -0.018450 0.617268 -1.394718 -1.091084
0.266102 -0.056009 0.247747 -0.503589 -1.176006
0.268241 -0.058723 -0.139407 0.355260 -0.048223
0.262526 -0.045575 -0.146671 0.305389 0.431593
0.259675 -0.041417 0.003463 -0.091123 -1.084101
0.252684 -0.029236 -0.352076 0.691691 0.891305
0.244699 -0.016833 -0.048509 -0.058608 -0.289304
0.240865 -0.015020 -0.142919 0.146702 0.392411
0.237816 -0.015701 -0.009999 -0.176332 -2.158653
0.223068 0.010303 -0.725365 1.458757 1.158597
0.201963 0.049175 -0.332198 0.506260 0.878298
0.194482 0.056456 -0.042999 -0.131708 0.566886
0.196385 0.044014 0.137851 -0.487891 -0.775610
0.196570 0.038105 -0.127480 0.181938 -0.800021
0.186094 0.058331 -0.395675 0.824157 2.017119
0.183661 0.060702 0.271643 -0.683875 -0.797283
0.188986 0.047928 -0.004099 0.032795 1.622468
0.199501 0.025468 0.528523 -1.144134 0.238754
0.221994 -0.021802 0.596834 -1.227417 -1.851779
0.233406 -0.041288 -0.023537 0.228509 -0.022071
0.232437 -0.033027 -0.025121 0.186727 -0.301202
0.229525 -0.021906 -0.120425 0.368976 0.460287
0.227869 -0.015177 0.036887 -0.025665 -0.029973
0.229170 -0.016020 0.028203 -0.016814 0.174265
0.231486 -0.019680 0.087434 -0.164802 -0.058241
0.234610 -0.025575 0.068968 -0.131630 -1.176932
0.229574 -0.013146 -0.319651 0.743357 0.797121
0.222230 0.003081 -0.048922 0.080501 0.251852
0.221950 0.002433 0.034679 -0.110356 -0.316029
0.221210 0.003116 -0.071317 0.141088 -0.135030
0.217471 0.010756 -0.115654 0.241015 0.691451
0.217453 0.009741 0.113976 -0.284582 -0.626347
0.217777 0.008625 -0.096966 0.221497 1.269239
0.222352 -0.002070 0.324404 -0.744834 -0.286328
0.233310 -0.026478 0.224403 -0.484086 -1.968279
0.229178 -0.015547 -0.428962 1.011935 0.345720
0.214503 0.017945 -0.305896 0.674019 0.456378
0.205362 0.037452 -0.152106 0.310391 1.521290
0.209353 0.027019 0.350125 -0.818436 -0.569067
0.219385 0.004782 0.152653 -0.304919 -0.472421
0.222286 0.000405 -0.006914 0.079789 0.039866
0.222280 0.002930 0.006526 0.047425 0.678330
0.227049 -0.005547 0.231254 -0.465743 -0.438361
0.233319 -0.016906 0.083027 -0.109473 0.218460
0.238108 -0.024845 0.156334 -0.286560 -0.654731
0.240014 -0.026406 -0.060258 0.201302 -0.577500
0.233847 -0.010326 -0.247767 0.600303 0.831311
0.229577 -0.000089 0.032988 -0.076894 -0.892676
0.224943 0.010690 -0.263817 0.608348 0.821174
0.219917 0.021886 0.011290 -0.037206 -0.046378
0.220001 0.021710 -0.006972 0.027436 -0.046513
0.219364 0.024032 -0.024853 0.088281 0.514802
0.221748 0.020142 0.143555 -0.278398 0.686449
0.231963 -0.000654 0.366852 -0.758819 -1.178694
0.238676 -0.011855 -0.029516 0.183332 -0.064256
0.237116 -0.004010 -0.048611 0.210110 1.092818
0.242475 -0.012724 0.315435 -0.635692 -1.041497
0.248091 -0.021556 -0.033218 0.180828 -0.365062
0.244403 -0.009415 -0.151005 0.425245 1.687100
0.249665 -0.019069 0.412250 -0.891342 -1.410134
0.256678 -0.032279 -0.059602 0.212597 -0.873417
0.248585 -0.011355 -0.344544 0.829140 0.527816
0.238461 0.012370 -0.162805 0.368275 0.560962
0.235704 0.018319 0.024189 -0.063527 -0.082140
0.236071 0.017591 -0.005718 0.025733 0.579189
0.239654 0.010140 0.184389 -0.393876 0.195787
0.248245 -0.007819 0.245297 -0.506067 -1.083937
0.250782 -0.010873 -0.117078 0.340876 1.163231
0.253907 -0.015775 0.272014 -0.574094 -1.475573
0.254916 -0.015632 -0.219803 0.565264 -0.086729
0.245663 0.007234 -0.243262 0.582319 0.915241
0.242088 0.015898 0.063237 -0.137252 1.678045
0.255718 -0.014777 0.616936 -1.385078 -1.235961
0.271992 -0.049651 0.199016 -0.380006 -0.687915
0.275428 -0.054911 -0.026315 0.109045 -0.015588
0.274408 -0.051695 -0.024849 0.053141 -1.262614
0.265141 -0.031440 -0.437541 0.951247 0.079378
0.248379 0.003424 -0.401390 0.800908 0.881737
0.238303 0.020955 -0.103880 0.089185 1.146497
0.241740 0.007313 0.274686 -0.762132 -0.652443
0.248255 -0.011930 0.052276 -0.211515 -1.203363
0.242335 -0.001866 -0.347043 0.703858 1.170703
0.236351 0.007351 0.046224 -0.228106 -0.062188
0.237735 -0.000311 0.023213 -0.157479 -0.764102
0.233557 0.005365 -0.231321 0.434091 0.408565
0.227074 0.016029 -0.093502 0.105883 1.219907
0.231428 0.001790 0.310035 -0.807898 -0.863936
0.237954 -0.016099 0.017727 -0.100046 -0.670152
0.234225 -0.010013 -0.203536 0.398539 -0.206732
0.224790 0.008373 -0.268371 0.522649 1.058571
0.221156 0.012547 0.085308 -0.301524 -0.921742
0.218362 0.015374 -0.223919 0.433119 0.181788
0.210644 0.029720 -0.162472 0.289084 0.180201
0.205319 0.038858 -0.104151 0.171322 0.633866
0.205304 0.036698 0.102730 -0.273511 0.183903
0.210509 0.024193 0.157626 -0.353109 0.246948
0.218344 0.007351 0.234239 -0.490383 -0.787100
0.222381 0.000698 -0.031259 0.147453 1.812779
0.233204 -0.021392 0.570659 -1.236818 -0.739223
0.250966 -0.058315 0.319134 -0.625457 -1.692453
0.252514 -0.057883 -0.239774 0.629515 -0.004490
0.243113 -0.034777 -0.230886 0.531675 0.348493
0.236350 -0.020343 -0.108005 0.197491 0.139967
0.233035 -0.015297 -0.058071 0.057764 -1.385464
0.221538 0.007898 -0.515610 1.092082 0.279407
0.202921 0.046044 -0.416364 0.826544 2.034331
0.199810 0.047919 0.258386 -0.710785 -0.342699
0.207652 0.026841 0.134605 -0.352179 -0.441326
0.209984 0.020664 -0.017287 0.036697 0.344211
0.211537 0.017318 0.094625 -0.201327 -0.342863
0.212967 0.015245 -0.022618 0.093151 0.689260
0.216622 0.008657 0.204681 -0.416730 -1.148392
0.217082 0.010433 -0.180311 0.493095 1.370177
0.219028 0.008737 0.276047 -0.563370 -0.604579
0.225937 -0.003509 0.070411 -0.058426 0.145649
0.229715 -0.008042 0.118387 -0.167587 -0.237142
0.232859 -0.011020 0.039153 0.015511 -0.643153
0.230167 -0.000750 -0.173187 0.493296 -0.673036
0.218834 0.028689 -0.393275 0.977600 0.837218
0.208749 0.054350 -0.112521 0.320045 1.324720
0.212973 0.047734 0.322348 -0.638818 -0.089881
0.225058 0.025570 0.282590 -0.475971 0.108263
0.236943 0.006151 0.311984 -0.498503 0.543018
0.252935 -0.021268 0.487517 -0.872619 -1.393967
0.263069 -0.034043 0.021138 0.215939 0.260727
0.265747 -0.030435 0.112317 -0.031391 -0.806735
0.264928 -0.019918 -0.152562 0.551211 1.666222
0.270027 -0.024614 0.405591 -0.768393 -0.814014
0.280767 -0.042349 0.132758 -0.130972 -1.180517
0.278295 -0.030235 -0.255280 0.727137 0.890203
0.274176 -0.016450 0.047898 -0.024678 0.223289
0.277604 -0.021174 0.123329 -0.209856 -0.543938
0.278930 -0.021384 -0.056422 0.193625 0.099774
0.277409 -0.015887 -0.019894 0.083866 -0.396989
0.274016 -0.006875 -0.149470 0.364571 0.722610
0.272911 -0.004002 0.093258 -0.212251 -0.282374
0.274736 -0.007924 -0.001589 0.012196 -0.104275
0.273994 -0.005996 -0.035405 0.083580 0.428869
0.275453 -0.009455 0.107906 -0.252483 -0.517136
0.276309 -0.011454 -0.064463 0.146508 0.737388
0.278680 -0.017347 0.182224 -0.434157 -0.831372
0.280409 -0.021731 -0.094688 0.205102 0.220084
0.278163 -0.017651 -0.018028 0.002535 -0.441039
0.274546 -0.011154 -0.162454 0.319167 0.027528
0.268302 0.000538 -0.150016 0.268467 -0.348089
0.260024 0.016313 -0.263788 0.519828 0.537395
0.253088 0.028572 -0.083918 0.101488 1.628136
0.260509 0.008195 0.453526 -1.107574 -0.122490
0.277646 -0.032520 0.404324 -0.938544 -2.276586
0.278608 -0.034587 -0.353477 0.810148 1.036092
0.271557 -0.019942 -0.000677 -0.062829 -0.030632
0.271360 -0.022332 -0.009118 -0.057234 -1.449747
0.261392 -0.002763 -0.487959 1.024423 0.346096
0.244338 0.031494 -0.365903 0.699829 1.406738
0.239091 0.037729 0.101770 -0.371735 -0.426574
0.240184 0.030813 -0.046416 0.019168 0.018832
0.238385 0.032018 -0.043559 0.041021 0.164799
0.237670 0.031857 0.007673 -0.047833 1.525570
0.248040 0.007364 0.509633 -1.166186 -0.400351
0.265564 -0.031363 0.367869 -0.783192 -1.681649
0.269042 -0.036521 -0.191838 0.506069 0.951484
0.267850 -0.032371 0.130940 -0.286685 -1.161614
0.265388 -0.026338 -0.252812 0.577445 0.823590
0.260898 -0.017238 0.027042 -0.111014 -0.578178
0.258153 -0.013015 -0.163672 0.316964 -0.283426
0.249797 0.003325 -0.254181 0.500726 1.782027
0.251551 -0.004582 0.339896 -0.878323 -1.538453
0.254789 -0.014981 -0.175905 0.339191 -0.326462
0.245664 0.002834 -0.280311 0.552097 0.650697
0.238857 0.014282 -0.061098 0.029948 -0.948159
0.230078 0.030369 -0.376977 0.767116 0.966455
0.221473 0.045938 -0.054770 0.025012 0.485321
0.222408 0.040565 0.101106 -0.290270 -0.505874
0.222950 0.038087 -0.073242 0.159580 1.223990
0.228094 0.026401 0.329276 -0.733784 -0.074218
0.240596 -0.000175 0.296532 -0.602091 -0.908171
0.246319 -0.009461 -0.009086 0.125729 0.634384
0.250209 -0.014521 0.202920 -0.372749 -1.374587
0.249152 -0.008111 -0.254254 0.679785 1.297001
0.247725 -0.001899 0.181176 -0.353472 -0.442540
0.251973 -0.008768 0.031917 0.003661 -0.150109
0.252266 -0.006481 -0.017164 0.109652 0.025985
0.251778 -0.002749 -0.007362 0.078157 -0.399956
0.248835 0.006397 -0.139469 0.376749 1.223268
0.251431 0.002363 0.267870 -0.566050 -0.707448
0.257343 -0.008556 0.028836 0.009849 0.415730
0.261277 -0.014719 0.167467 -0.314624 -0.445337
0.264993 -0.020342 0.018983 0.027495 0.997169
0.272429 -0.035026 0.351862 -0.753523 -1.899238
0.273834 -0.035788 -0.279351 0.694916 0.183669
0.264062 -0.012531 -0.210009 0.475554 0.921863
0.261891 -0.008562 0.100237 -0.265901 0.272100
0.267686 -0.023186 0.189505 -0.465398 -1.494843
0.265303 -0.018727 -0.306991 0.673250 0.077967
0.253684 0.005705 -0.274611 0.554874 -0.092104
0.242157 0.028740 -0.302085 0.600765 0.924100
0.236244 0.038487 0.005140 -0.101504 0.810455
0.241735 0.023055 0.268853 -0.665350 0.309740
0.254394 -0.006856 0.364401 -0.833723 -1.440655
0.259272 -0.017079 -0.118543 0.304479 -0.102449
0.253929 -0.004091 -0.148782 0.346925 1.104657
0.255384 -0.007706 0.220267 -0.516280 -1.230705
0.255944 -0.008901 -0.190777 0.442797 0.374748
0.250889 0.002293 -0.062660 0.123598 0.140523
0.249328 0.005004 -0.015624 0.014028 -0.151439
0.247683 0.008027 -0.066480 0.136035 -0.456990
0.241984 0.020532 -0.218194 0.486766 1.074037
0.240423 0.023377 0.138846 -0.332448 -0.093717
0.245247 0.012546 0.102723 -0.212892 0.251371
0.250963 0.000787 0.183035 -0.375142 -0.880022
0.252366 -0.000137 -0.111767 0.319057 1.318764
0.256711 -0.008023 0.327588 -0.700601 -1.299118
0.261080 -0.015298 -0.107446 0.321030 0.313407
0.258944 -0.008014 0.000113 0.048430 -0.732969
0.254093 0.004975 -0.242052 0.595905 1.540655
0.254734 0.004504 0.272234 -0.602739 -0.112573
0.264768 -0.016925 0.230074 -0.474751 -1.116118
0.266508 -0.018490 -0.141711 0.384132 0.475099
0.264095 -0.011325 0.020287 -0.018846 -0.379910
0.262397 -0.006441 -0.104817 0.260111 -0.689440
0.253668 0.014098 -0.331230 0.763825 0.649776
0.244822 0.034019 -0.112302 0.243566 0.969137
0.246731 0.029394 0.206736 -0.465801 0.537878
0.258437 0.003848 0.378515 -0.811729 -0.611739
0.269370 -0.018005 0.169383 -0.292566 -0.136122
0.275230 -0.027601 0.123941 -0.190586 -0.510769
0.276818 -0.027726 -0.043972 0.179095 -0.891935
0.269210 -0.007705 -0.335803 0.817013 1.201984
0.263910 0.005278 0.069063 -0.151656 -0.601717
0.262631 0.008822 -0.132351 0.322888 0.915737
0.263453 0.007484 0.172388 -0.380164 -0.650817
0.265940 0.003000 -0.047125 0.147637 -0.883421
0.258190 0.022391 -0.339713 0.816338 0.843425
0.250280 0.041569 -0.057218 0.155770 1.451595
0.257568 0.026330 0.420297 -0.906047 -1.263459
0.265774 0.011360 -0.008123 0.140052 0.604159
0.269456 0.007806 0.191590 -0.312100 -0.388589
0.274462 0.001939 0.059325 0.013032 -0.186303
0.275585 0.005400 -0.003006 0.158638 1.482364
0.285329 -0.011066 0.488773 -0.969370 -1.023685
0.297940 -0.033030 0.143486 -0.144901 -0.340255
0.301460 -0.034129 0.032923 0.086456 0.862482
0.308594 -0.044773 0.322891 -0.610888 -1.581353
0.310998 -0.045136 -0.200854 0.576016 0.219072
0.304603 -0.027232 -0.119630 0.326151 0.706427
0.304622 -0.026064 0.119672 -0.259343 -0.682620
0.304884 -0.026178 -0.105764 0.246522 0.480487
0.303942 -0.024598 0.058015 -0.161505 -0.732947
0.301416 -0.020124 -0.183564 0.378544 1.194291
0.302118 -0.024267 0.217261 -0.573157 -1.284508
0.302232 -0.027236 -0.209992 0.410296 -0.376121
0.291452 -0.006196 -0.329010 0.642609 0.786745
0.283637 0.006449 -0.063006 0.001147 -0.411829
0.278363 0.013000 -0.200306 0.323199 0.394940
0.272998 0.019763 -0.068567 0.020566 0.939658
0.276464 0.006617 0.241046 -0.670836 -0.821797
0.280521 -0.006509 -0.036864 0.002514 0.026673
0.279238 -0.006940 -0.027337 -0.023796 0.594716
0.282111 -0.017126 0.170487 -0.481094 -0.982220
0.282362 -0.021007 -0.156696 0.275615 -0.225909
0.274680 -0.007338 -0.227474 0.408703 1.029049
0.272504 -0.007486 0.117449 -0.404744 -0.661410
0.272758 -0.013119 -0.103843 0.114696 0.066176
0.269092 -0.009977 -0.079649 0.044017 0.428783
0.268787 -0.015066 0.064013 -0.294728 -1.197438
0.263373 -0.008389 -0.333463 0.617109 0.183696
0.251370 0.012481 -0.267370 0.433136 1.082066
0.247911 0.012925 0.093153 -0.399174 -0.489089
0.248296 0.005334 -0.073157 0.012336 -0.489292
0.242105 0.013481 -0.235934 0.391318 -0.194043
0.231407 0.031934 -0.299094 0.532991 0.991994
0.226049 0.038091 0.029899 -0.213342 -0.515458
0.223700 0.038672 -0.146707 0.236184 1.280185
0.226291 0.029094 0.275012 -0.703864 -0.966330
0.230690 0.017433 -0.053592 0.107171 0.390240
0.231116 0.016027 0.074449 -0.173758 0.583470
0.237908 0.000759 0.264833 -0.586909 -0.732832
0.243531 -0.010616 0.017459 0.007560 -0.918436
0.238140 0.003581 -0.286211 0.695459 0.878321
0.232627 0.017102 0.009203 -0.006833 -0.291477
0.231013 0.021754 -0.089646 0.236949 0.901059
0.233402 0.017627 0.208140 -0.434714 -0.118809
0.240826 0.003098 0.163562 -0.296564 -1.096142
0.240019 0.008589 -0.202702 0.560197 0.962453
0.238372 0.015710 0.119050 -0.192171 0.957535
0.249432 -0.006020 0.433305 -0.888836 -0.898746
0.260658 -0.026673 0.129494 -0.158257 0.203070
0.267216 -0.036484 0.198363 -0.331827 -1.744372
0.263576 -0.023343 -0.378650 0.973361 -0.359209
0.246234 0.019312 -0.488914 1.165046 1.483270
0.236671 0.042076 0.008465 -0.005556 1.947235
0.249858 0.012999 0.649294 -1.434431 -2.313198
0.260190 -0.006577 -0.129463 0.425667 0.371176
0.257553 0.004072 -0.003086 0.113281 0.706614
0.262131 -0.002263 0.231279 -0.423769 -0.658101
0.266938 -0.008543 0.010016 0.101139 0.644652
0.271654 -0.014690 0.225130 -0.402590 -0.551395
0.276957 -0.022082 0.040804 0.025475 -0.921165
0.272508 -0.007416 -0.262457 0.701277 1.116471
0.269554 0.002417 0.113152 -0.195105 -1.359396
0.264996 0.015859 -0.339636 0.855071 1.024222
0.258312 0.033604 0.003781 0.047202 0.725827
0.263215 0.025115 0.240767 -0.466181 -0.242254
0.271101 0.011441 0.154136 -0.223555 -0.019847
0.277067 0.003418 0.144378 -0.179830 0.968532
0.289241 -0.018287 0.463629 -0.899558 -1.029041
0.300838 -0.037641 0.117859 -0.083581 -0.329181
0.303426 -0.036647 0.011904 0.130417 0.045262
0.304298 -0.033106 0.031493 0.048481 0.534133
0.309185 -0.040158 0.212291 -0.396191 -2.070827
0.303931 -0.024588 -0.472930 1.156239 0.531734
0.288776 0.011420 -0.286264 0.658201 1.587526
0.287955 0.012789 0.243298 -0.572203 -1.109006
0.290191 0.008039 -0.130049 0.321277 1.143439
0.292621 0.003123 0.250296 -0.555773 -0.049360
0.302208 -0.017494 0.229582 -0.480207 -1.002546
0.304685 -0.021028 -0.104492 0.291925 0.881632
0.306456 -0.023732 0.192005 -0.417700 -0.823889
0.308642 -0.027744 -0.081632 0.207515 0.851283
0.311129 -0.033401 0.204992 -0.481783 -1.931169
0.306485 -0.023124 -0.435145 0.977306 1.000729
0.295933 -0.001212 -0.094150 0.134387 0.523154
0.295669 -0.004049 0.080367 -0.271101 -0.514833
0.295425 -0.006682 -0.091856 0.133232 -0.059846
0.291387 -0.000734 -0.110129 0.164921 0.809132
0.292390 -0.006773 0.159413 -0.459324 -0.544811
0.295087 -0.016288 -0.023712 -0.024421 -0.576273
