0.002739 -0.004604 -0.009181 -0.009669 -0.529704
-0.001145 0.003090 -0.184583 0.390280 -0.476714
-0.011650 0.025611 -0.340516 0.735365 0.132699
-0.024335 0.052637 -0.294438 0.622896 1.074820
-0.028996 0.061516 0.059956 -0.165964 -0.417819
-0.029541 0.062970 -0.086635 0.233403 1.563650
-0.022729 0.049556 0.425844 -0.891280 -0.702468
-0.010617 0.027070 0.181085 -0.246299 -0.337392
-0.005725 0.023411 0.064050 0.058346 -1.362620
-0.012278 0.047185 -0.390431 1.119872 1.513652
-0.017781 0.068442 0.112991 -0.036042 1.080606
-0.006252 0.052153 0.462672 -0.771579 -0.826208
0.006517 0.036265 0.177122 -0.036063 0.224425
0.014992 0.032337 0.246506 -0.159385 0.363710
0.027158 0.021412 0.361651 -0.385883 -0.350616
0.039168 0.012446 0.239512 -0.068611 0.791314
0.053956 -0.002002 0.499255 -0.648518 -1.367632
0.064716 -0.006038 0.040513 0.430737 1.311982
0.075124 -0.009609 0.478371 -0.595572 -0.256567
0.092465 -0.028846 0.389380 -0.373244 -0.300567
0.106031 -0.039262 0.289466 -0.152768 0.307557
0.119701 -0.050731 0.393857 -0.419194 -2.072131
0.121714 -0.036275 -0.291172 1.123559 1.317661
0.119065 -0.013843 0.156656 0.017778 0.727776
0.130192 -0.024595 0.398988 -0.549508 -1.340003
0.137197 -0.025775 -0.047113 0.475850 0.622555
0.139569 -0.017477 0.164775 -0.051941 0.277611
0.148025 -0.024097 0.257803 -0.277212 -1.045283
0.151385 -0.019265 -0.088706 0.508766 0.960493
0.154334 -0.014740 0.234872 -0.270690 -0.266043
0.161940 -0.021407 0.145871 -0.066839 -0.178547
0.166614 -0.021692 0.088027 0.050863 -0.641557
0.165913 -0.010321 -0.122551 0.513442 -0.765837
0.156008 0.021110 -0.372437 1.056635 1.747860
0.152838 0.035674 0.211511 -0.306168 0.164655
0.162258 0.022192 0.259607 -0.369713 -0.079345
0.171997 0.009688 0.227785 -0.259487 0.162532
0.182117 -0.002559 0.278285 -0.353967 0.186407
0.194428 -0.019110 0.337398 -0.475169 -1.129765
0.200368 -0.020517 -0.039018 0.392345 1.355240
0.207916 -0.026585 0.414821 -0.681819 -0.678776
0.219939 -0.043089 0.187494 -0.154169 -0.342429
0.225224 -0.044745 0.077165 0.067904 -0.324899
0.226251 -0.038123 -0.025627 0.261751 1.079155
0.232519 -0.045404 0.337756 -0.614854 -1.808014
0.234010 -0.042456 -0.261144 0.743810 0.413265
0.226513 -0.020982 -0.114727 0.339736 0.452194
0.225024 -0.015238 0.039623 -0.046036 0.436463
0.229535 -0.024037 0.185535 -0.390790 -0.294596
0.234987 -0.035143 0.087636 -0.169828 -0.792954
0.233269 -0.030316 -0.172764 0.404066 0.081391
0.227025 -0.016611 -0.139837 0.285533 0.458146
0.224558 -0.012961 0.015797 -0.096947 -1.796939
0.213249 0.010630 -0.579561 1.262084 1.326254
0.199055 0.039340 -0.132398 0.194392 0.353482
0.196049 0.042383 -0.018326 -0.038345 0.891462
0.201140 0.028244 0.272200 -0.662717 -1.587293
0.201304 0.027692 -0.262012 0.617023 0.623071
0.194995 0.042670 -0.054524 0.141657 0.113973
0.193492 0.047435 -0.020772 0.098173 0.197834
0.193879 0.049347 0.039895 -0.000792 1.232656
0.203551 0.031607 0.442744 -0.877620 -0.082928
0.220498 -0.000269 0.405408 -0.724569 0.116952
0.237372 -0.030033 0.438794 -0.768873 -0.311206
0.252793 -0.055627 0.333160 -0.519523 -1.489938
0.256253 -0.054123 -0.158475 0.579613 -0.284542
0.248222 -0.028554 -0.243400 0.702209 0.140414
0.239582 -0.004177 -0.189280 0.523921 0.331320
0.234298 0.010936 -0.075669 0.238769 0.282479
0.233156 0.016128 0.018138 0.024837 0.115686
0.234613 0.015731 0.054584 -0.043768 0.706656
0.241448 0.003595 0.286618 -0.558228 -0.269575
0.251020 -0.013717 0.192674 -0.314226 0.302060
0.260711 -0.030778 0.291878 -0.539049 -1.217422
0.264271 -0.033602 -0.112419 0.384297 0.591589
0.263835 -0.028564 0.089780 -0.124307 -0.291944
0.265525 -0.029510 -0.004983 0.074007 -0.664611
0.260977 -0.017089 -0.221885 0.542992 0.927081
0.258385 -0.010695 0.090996 -0.211469 -1.898300
0.249386 0.010083 -0.539101 1.234161 1.661095
0.239032 0.032562 0.018886 -0.086931 1.272952
0.248164 0.010452 0.436728 -1.010144 -1.449477
0.255811 -0.006052 -0.052278 0.165174 0.258439
0.255473 -0.003736 0.034998 -0.045948 0.802309
0.262206 -0.017885 0.300995 -0.655730 -0.516671
0.270745 -0.035679 0.126942 -0.243343 -0.884931
0.269977 -0.032295 -0.164413 0.404117 -0.052855
0.263178 -0.016571 -0.175821 0.385434 -0.014209
0.256144 -0.001800 -0.176226 0.356472 0.526636
0.252654 0.003885 0.000970 -0.065176 -0.647400
0.248366 0.011437 -0.214752 0.437218 0.670686
0.244275 0.018342 0.009282 -0.083286 0.766111
0.249686 0.003816 0.260684 -0.638097 -0.733244
0.255128 -0.009464 0.012570 -0.036990 -0.286588
0.253736 -0.006674 -0.081858 0.174085 -0.946051
0.244207 0.014474 -0.393900 0.877601 0.469827
0.231675 0.041564 -0.233854 0.487816 2.497135
0.238901 0.023120 0.592706 -1.387809 -2.092562
0.248425 0.002181 -0.113523 0.313044 0.852145
0.249590 0.001286 0.170761 -0.348703 -0.404212
0.253671 -0.005914 0.033919 -0.017373 -0.336155
0.252797 -0.001516 -0.077317 0.234601 0.201880
0.251081 0.004460 -0.008859 0.067739 0.660553
0.255115 -0.002924 0.209959 -0.431369 -0.213853
0.262027 -0.016342 0.136161 -0.244852 -1.191821
0.259540 -0.007839 -0.259280 0.659036 0.800818
0.254608 0.005198 0.011433 0.004594 -0.039559
0.254786 0.006146 -0.002474 0.042460 0.502369
0.258017 0.000254 0.163526 -0.332940 -1.139013
0.256925 0.004930 -0.216837 0.555155 0.262628
0.250066 0.022517 -0.126771 0.330871 0.801461
0.250320 0.023570 0.138507 -0.269558 0.425144
0.258589 0.007210 0.274803 -0.547787 -0.166534
0.268367 -0.011198 0.214730 -0.378640 -0.469594
0.273794 -0.018838 0.057302 -0.010100 0.295377
0.278084 -0.024159 0.156956 -0.253571 -0.016809
0.284260 -0.034223 0.152024 -0.251662 -2.128872
0.276215 -0.012022 -0.552247 1.344019 2.055708
0.268026 0.008124 0.139816 -0.309535 -0.567188
0.269776 0.005099 -0.051542 0.151262 1.154824
0.275403 -0.006635 0.331748 -0.727950 -0.492562
0.285295 -0.027326 0.163925 -0.316556 -0.495603
0.288564 -0.032551 0.000210 0.049111 0.485704
0.291879 -0.038827 0.164998 -0.358410 -0.340913
0.296241 -0.048319 0.053668 -0.121474 -1.494499
0.288539 -0.031178 -0.437477 0.966912 0.839324
0.276836 -0.007374 -0.149196 0.238111 -0.342002
0.268645 0.006947 -0.260235 0.477396 0.401799
0.260965 0.019425 -0.124512 0.153575 -0.562728
0.252222 0.034488 -0.312249 0.596284 1.104379
0.247087 0.041433 0.054079 -0.235887 -0.169157
0.247996 0.035907 -0.008275 -0.044175 0.070022
0.248040 0.033997 0.010521 -0.051555 0.535933
0.251937 0.024608 0.183943 -0.414702 0.301378
0.261177 0.004558 0.278153 -0.589313 0.652071
0.276535 -0.028096 0.489640 -1.043393 -2.485549
0.279490 -0.030893 -0.338849 0.875962 1.545280
0.276410 -0.021433 0.182740 -0.383485 -0.483729
0.280487 -0.029290 0.021870 -0.016128 -0.245416
0.279789 -0.026788 -0.056580 0.139525 -0.568146
0.273825 -0.013253 -0.241280 0.534372 0.027926
0.264468 0.006707 -0.227065 0.468508 1.551001
0.265756 0.001185 0.289731 -0.728893 -0.596532
0.273261 -0.017769 0.086679 -0.229610 -0.979294
0.270217 -0.011982 -0.237854 0.509750 0.802094
0.266140 -0.004840 0.032878 -0.142078 0.237858
0.269025 -0.014066 0.111264 -0.318587 0.137689
0.274373 -0.028792 0.156243 -0.419232 -0.887911
0.274717 -0.032007 -0.137927 0.248469 -0.877646
0.263471 -0.009634 -0.423857 0.865999 0.351919
0.249011 0.018248 -0.300189 0.538262 0.044719
0.237343 0.038827 -0.283688 0.495347 1.827754
0.238135 0.030871 0.321391 -0.875618 -0.720876
0.245995 0.008835 0.072941 -0.239354 -1.025161
0.242035 0.015571 -0.269803 0.566153 1.273160
0.239760 0.018305 0.154456 -0.415093 -0.403512
0.243147 0.008916 0.015647 -0.061135 -0.366122
0.241305 0.012423 -0.107363 0.233033 0.608594
0.241063 0.012412 0.094522 -0.227100 0.122131
0.245590 0.002084 0.131930 -0.290492 -0.364257
0.248391 -0.003463 0.008690 0.007877 -0.202668
0.247395 -0.000085 -0.058323 0.159579 -0.722461
0.240276 0.017224 -0.297089 0.701620 0.350571
0.230788 0.039409 -0.178179 0.416103 0.881925
0.229495 0.042927 0.112412 -0.230366 0.015603
0.233958 0.034823 0.110992 -0.177150 1.283610
0.246823 0.009123 0.531336 -1.100187 -0.439181
0.264960 -0.026407 0.376791 -0.689118 -0.496073
0.276678 -0.046000 0.210108 -0.299972 -1.264394
0.276725 -0.039225 -0.206425 0.627118 0.221744
0.270118 -0.019248 -0.124675 0.379141 0.786478
0.270457 -0.017075 0.140606 -0.261086 -1.018116
0.269303 -0.011885 -0.197231 0.510747 0.588234
0.265426 -0.001410 0.002421 0.021941 0.732845
0.270400 -0.011814 0.245594 -0.536334 -1.336594
0.271273 -0.012253 -0.200295 0.499747 0.890496
0.269284 -0.006856 0.099613 -0.218792 -0.156147
0.272208 -0.013037 0.046902 -0.093250 -0.772708
0.268955 -0.005036 -0.208790 0.486756 0.346831
0.262992 0.008376 -0.090071 0.190707 0.666561
0.263830 0.005743 0.131221 -0.315784 -0.654487
0.264661 0.003761 -0.088834 0.208943 0.670408
0.265586 0.001667 0.134350 -0.306836 0.670552
0.275366 -0.020421 0.354306 -0.795035 -1.419368
0.280019 -0.029799 -0.119750 0.308643 -0.365598
0.272907 -0.012905 -0.235825 0.536226 0.241109
0.265185 0.003860 -0.150942 0.308564 0.943958
0.265462 0.001414 0.163708 -0.421102 0.056182
0.272314 -0.015661 0.179203 -0.435853 -1.505582
0.269434 -0.009714 -0.321548 0.718232 1.569728
0.267142 -0.006251 0.204957 -0.526931 -0.074975
0.274773 -0.025583 0.177095 -0.444650 -0.677735
0.277337 -0.032929 -0.047948 0.068623 -0.283367
0.273617 -0.026658 -0.137893 0.243714 -0.292703
0.266250 -0.013328 -0.230423 0.422933 -0.545165
0.253501 0.011121 -0.406926 0.799054 1.660217
0.248363 0.016804 0.147923 -0.495559 -0.732107
0.249298 0.009311 -0.100123 0.110943 -0.750102
0.240299 0.025372 -0.349211 0.687121 -0.325084
0.224218 0.057547 -0.455058 0.924523 1.539214
0.216253 0.071098 0.054688 -0.227711 1.448019
0.227867 0.041808 0.525127 -1.229148 -0.780494
0.243400 0.007273 0.253207 -0.514204 -0.274026
0.251605 -0.008185 0.157721 -0.265240 0.229569
0.259412 -0.022113 0.232654 -0.431563 -1.059608
0.261649 -0.022996 -0.119564 0.375870 -0.702274
0.252297 0.001834 -0.347726 0.863721 0.402508
0.241188 0.029130 -0.208816 0.511498 0.856914
0.238541 0.036475 0.075304 -0.133686 0.214281
0.242870 0.028910 0.141124 -0.244488 0.074816
0.248904 0.019027 0.160739 -0.251489 0.080492
0.255780 0.008559 0.183244 -0.273712 0.681523
0.267574 -0.012246 0.406095 -0.763775 0.180393
0.284919 -0.044781 0.461597 -0.867846 -1.733105
0.291822 -0.052751 -0.114231 0.449046 -1.151228
0.279775 -0.018902 -0.487574 1.239316 2.288258
0.275717 -0.006534 0.281618 -0.592815 -1.222509
0.278769 -0.010783 -0.127451 0.366054 0.154308
0.274772 0.000791 -0.072866 0.217045 0.425253
0.274712 0.002710 0.069321 -0.116040 0.140245
0.278389 -0.003826 0.114501 -0.210735 -0.688221
0.278362 -0.001447 -0.115055 0.322679 0.683554
0.278354 0.000536 0.113770 -0.215589 0.221577
0.284339 -0.011149 0.185493 -0.368842 -0.440592
0.288792 -0.018859 0.037829 -0.023061 -0.134732
0.289443 -0.018079 -0.005178 0.061053 -0.133207
0.288395 -0.014052 -0.047177 0.139966 0.282048
0.288432 -0.013261 0.048674 -0.096925 -0.334456
0.288166 -0.012140 -0.061643 0.149716 0.902955
0.291752 -0.020467 0.240042 -0.557787 -1.299395
0.292670 -0.022517 -0.192592 0.440868 -1.039616
0.278165 0.010013 -0.532112 1.181691 1.345876
0.265987 0.035301 -0.078958 0.103076 0.181575
0.263971 0.037358 -0.022087 0.001618 0.565365
0.266760 0.029651 0.161094 -0.383085 -0.526840
0.269571 0.023659 -0.019719 0.075907 0.928156
0.274909 0.012934 0.285759 -0.604808 -0.370777
0.283746 -0.004410 0.156959 -0.270496 -1.404415
0.280645 0.006651 -0.310561 0.810569 1.633178
0.279188 0.013103 0.235583 -0.468695 0.503509
0.291853 -0.012405 0.397663 -0.806989 -0.376246
0.305155 -0.038069 0.268414 -0.485889 -0.905778
0.309874 -0.043798 -0.031308 0.188781 1.217974
0.316839 -0.056160 0.378268 -0.795339 -1.129486
0.324464 -0.070874 0.004602 0.044654 -0.743450
0.319870 -0.059374 -0.233780 0.525948 -0.417980
0.307949 -0.033973 -0.362390 0.746130 1.106842
0.301004 -0.022880 0.013497 -0.176461 -0.687965
0.296993 -0.019642 -0.213290 0.331880 0.030915
0.288763 -0.007715 -0.198543 0.267709 0.242284
0.282493 -0.001241 -0.115407 0.060199 -0.377382
0.275381 0.006881 -0.239933 0.343531 -0.443378
0.262873 0.027159 -0.385299 0.669786 1.438792
0.257072 0.031628 0.093440 -0.429956 -0.360013
0.258281 0.021295 -0.032287 -0.093447 -0.367847
0.254482 0.023856 -0.157257 0.217674 0.200943
0.249507 0.029773 -0.091796 0.081295 0.958071
0.252152 0.018932 0.223161 -0.615770 -1.588736
0.250374 0.020003 -0.310132 0.651700 0.517620
0.241463 0.037753 -0.136377 0.245135 1.758215
0.247649 0.021163 0.444021 -1.059829 -0.196999
0.263889 -0.016259 0.369004 -0.821981 -1.613084
0.267827 -0.023604 -0.169991 0.435578 -1.090527
0.253888 0.009482 -0.526380 1.214320 1.877454
0.245480 0.027857 0.103292 -0.270855 1.740095
0.261079 -0.008655 0.675388 -1.544240 -1.480747
0.278024 -0.045779 0.174538 -0.336677 -0.798834
0.279742 -0.047570 -0.087716 0.238703 -0.078988
0.275847 -0.038197 -0.107205 0.231855 -0.540635
0.268082 -0.021786 -0.280829 0.587005 -0.007343
0.256936 0.000550 -0.276955 0.534924 0.491695
0.249208 0.013723 -0.110328 0.132012 0.420192
0.247579 0.012723 0.028389 -0.177811 -1.036518
0.241763 0.022100 -0.318062 0.637006 1.391247
0.238339 0.025915 0.145123 -0.430430 -0.229876
0.242490 0.013441 0.063015 -0.198988 -0.921810
0.238816 0.020257 -0.245703 0.530877 0.582160
0.232892 0.032353 -0.051439 0.082671 1.004609
0.237452 0.020919 0.278526 -0.646476 -0.501433
0.245109 0.004152 0.105306 -0.201376 0.284254
0.251167 -0.007862 0.197520 -0.398966 -1.582857
0.248491 0.000889 -0.329624 0.821179 0.643193
0.239702 0.022822 -0.111076 0.287328 0.451175
0.238246 0.027577 0.037708 -0.043938 0.461863
0.242752 0.019472 0.187249 -0.358515 -0.586679
0.246235 0.015121 -0.012251 0.133195 0.501429
0.249060 0.012967 0.152935 -0.236097 -0.676065
0.250608 0.014574 -0.074724 0.309115 1.332329
0.256487 0.006449 0.367282 -0.702838 0.713889
0.275797 -0.031494 0.598139 -1.194763 -1.490605
0.289691 -0.055497 0.098885 -0.026994 -0.091790
0.293148 -0.056377 0.074021 -0.017323 -1.389248
0.286990 -0.037012 -0.380778 0.975788 0.606639
0.276018 -0.009415 -0.169192 0.417233 0.615721
0.273426 -0.002922 0.038709 -0.084271 -0.407799
0.272252 0.000057 -0.097002 0.229374 1.013190
0.275142 -0.006601 0.240441 -0.552603 -0.100127
0.284021 -0.026544 0.204020 -0.449917 -2.855266
0.273178 -0.000668 -0.743326 1.718637 2.240383
0.258607 0.031391 0.011297 -0.083676 0.479686
0.262163 0.021559 0.166193 -0.405368 0.556953
0.272402 -0.002129 0.345628 -0.778527 -0.978096
0.279603 -0.017213 0.015935 0.010246 0.158176
0.281328 -0.019607 0.070148 -0.128468 -0.220058
0.282690 -0.021611 -0.001745 0.025696 0.124320
0.283496 -0.022991 0.041871 -0.093333 -1.469930
0.275428 -0.004519 -0.443948 1.005254 1.803987
0.269830 0.006564 0.161613 -0.428734 -1.395900
0.266927 0.011622 -0.305166 0.667250 1.451204
0.264445 0.015438 0.179262 -0.459866 -0.780713
0.266315 0.010047 -0.084668 0.180304 0.410890
0.265663 0.010979 0.051552 -0.129178 1.634300
0.278548 -0.018829 0.591366 -1.349965 -1.930820
0.289194 -0.041777 -0.056204 0.176243 -0.547714
0.283420 -0.027489 -0.232224 0.535983 0.300596
0.276270 -0.011985 -0.126005 0.246323 0.026517
0.271468 -0.003112 -0.114319 0.199714 0.529118
0.270450 -0.003558 0.062806 -0.216255 -0.573333
0.269122 -0.003160 -0.128528 0.229997 1.887569
0.276577 -0.023307 0.499388 -1.220865 -1.350649
0.287435 -0.050284 0.045729 -0.148751 -1.803115
0.277365 -0.029514 -0.547645 1.173168 0.798484
0.261013 0.002927 -0.271632 0.465138 0.661969
0.254616 0.010838 -0.049183 -0.060640 -0.560212
0.248889 0.017380 -0.236565 0.382807 0.360732
0.241846 0.027074 -0.116230 0.107744 -0.937307
0.230920 0.046289 -0.429242 0.846219 1.728885
0.225266 0.053614 0.144347 -0.459954 0.231586
0.232390 0.033558 0.212052 -0.545642 0.201764
0.242053 0.010180 0.271440 -0.626754 -0.678497
0.248275 -0.003353 0.040801 -0.060474 0.060674
0.250305 -0.006660 0.060659 -0.104937 -0.675023
0.248235 -0.000461 -0.163457 0.408929 0.277425
0.243601 0.011118 -0.068841 0.175592 0.635630
0.245073 0.008442 0.141729 -0.303187 0.356147
0.253041 -0.008514 0.256645 -0.544616 -1.966744
0.250156 0.000488 -0.398737 0.975182 1.072867
0.241485 0.021764 -0.036576 0.105147 0.413894
0.242737 0.020022 0.098750 -0.188473 0.224000
0.248098 0.009803 0.169285 -0.322608 -0.541824
0.251188 0.005926 -0.014014 0.121777 0.303418
0.252645 0.006157 0.086477 -0.107003 -0.964505
0.249651 0.017026 -0.235182 0.642095 2.015479
0.253702 0.011341 0.435426 -0.905832 -1.469851
0.261172 -0.000790 -0.059877 0.280265 1.189366
0.266725 -0.008198 0.336250 -0.639205 -1.104494
0.272741 -0.016088 -0.033908 0.230902 0.195464
0.272749 -0.010490 0.033892 0.052607 0.123971
0.274953 -0.010558 0.076174 -0.054525 -0.079488
0.277480 -0.011645 0.050262 -0.000783 0.811356
0.284906 -0.024365 0.320323 -0.628883 -1.050685
0.290684 -0.033069 -0.030000 0.180482 -0.662641
0.285172 -0.016641 -0.245202 0.637796 1.040096
0.282411 -0.008305 0.105702 -0.207504 -0.556753
0.282918 -0.007927 -0.079692 0.220472 0.200525
0.281111 -0.002628 -0.011031 0.047980 0.428474
0.283529 -0.007377 0.131501 -0.281746 0.199085
0.290083 -0.021460 0.196231 -0.423245 -0.359375
0.295521 -0.032766 0.076347 -0.148172 0.091646
0.299232 -0.040626 0.109177 -0.245041 -0.595251
0.299692 -0.041876 -0.085485 0.176357 -0.181040
0.295187 -0.033219 -0.139790 0.257080 -0.385050
0.287147 -0.018107 -0.262134 0.498138 0.915957
0.282870 -0.013309 0.047063 -0.246860 -0.274968
0.282916 -0.018911 -0.044310 -0.037296 -0.184275
0.279956 -0.017935 -0.103548 0.084589 -0.066840
0.275424 -0.014028 -0.123097 0.111156 -1.031462
0.263688 0.005817 -0.462855 0.874293 0.697779
0.249938 0.029063 -0.226032 0.300765 0.260951
0.242614 0.037389 -0.140588 0.119758 1.061255
0.243983 0.026630 0.208057 -0.649112 -0.557566
0.248439 0.010745 0.015812 -0.155181 -0.844955
0.243403 0.018007 -0.266727 0.510390 0.437312
0.235679 0.031478 -0.120282 0.170612 0.305246
0.232851 0.034156 -0.021471 -0.033289 0.512147
0.235314 0.025838 0.144246 -0.379409 0.175754
0.242135 0.009108 0.196965 -0.459298 -0.616048
0.245821 0.001065 -0.011699 0.048472 -0.119097
0.244562 0.004835 -0.051214 0.139462 -0.503249
0.239172 0.018111 -0.217950 0.521628 -0.043613
0.230198 0.039411 -0.231085 0.547219 1.760958
0.232652 0.034513 0.351852 -0.774607 -0.986922
0.239963 0.020562 0.015208 0.062677 0.491761
0.243798 0.015959 0.176103 -0.288837 0.326723
0.252929 0.000191 0.280380 -0.499713 1.238745
0.272298 -0.038105 0.687351 -1.409660 -1.810439
0.287617 -0.065680 0.081472 0.004914 -1.782705
0.279168 -0.039654 -0.502564 1.284201 1.713444
0.270737 -0.017186 0.078440 -0.136715 -1.008996
0.267176 -0.007331 -0.255496 0.620780 1.004823
0.263747 0.001102 0.082616 -0.186111 0.498666
0.270334 -0.013690 0.246448 -0.551308 -1.028103
0.273296 -0.019493 -0.096974 0.248756 -0.732695
0.264621 0.000967 -0.336370 0.770960 1.828669
0.263442 0.002741 0.275157 -0.661749 -1.003001
0.267666 -0.007333 -0.062493 0.144698 0.771346
0.270332 -0.013722 0.194985 -0.456944 -1.192124
0.270160 -0.013358 -0.202173 0.462288 -0.470637
0.259039 0.011473 -0.353834 0.779739 0.704809
0.249664 0.031100 -0.116194 0.213516 1.325245
0.253789 0.019772 0.321161 -0.768482 -0.277426
0.264626 -0.005182 0.221583 -0.488027 -0.675239
0.268931 -0.013757 -0.005346 0.049975 -0.268908
0.266962 -0.007974 -0.092903 0.237711 0.514036
0.266715 -0.006826 0.079895 -0.174333 -1.027107
0.263064 0.002094 -0.261428 0.611090 -0.259539
0.250965 0.029795 -0.343763 0.777099 2.190184
0.251826 0.026958 0.384284 -0.896100 -0.514812
0.263573 0.000883 0.204292 -0.419381 0.090184
0.272274 -0.016654 0.230999 -0.460391 -0.062130
0.281062 -0.033845 0.208831 -0.403378 -1.891134
0.276848 -0.021155 -0.417585 1.020550 0.524374
0.263830 0.009798 -0.234642 0.539930 0.613428
0.258581 0.021518 -0.028799 0.055270 -0.078992
0.256860 0.025409 -0.057209 0.138886 0.856001
0.260224 0.018267 0.224586 -0.488608 -0.460872
0.266022 0.006923 0.066130 -0.086493 0.263991
0.270388 -0.000272 0.152055 -0.272080 0.568883
0.280208 -0.019494 0.338634 -0.686984 -1.243588
0.285415 -0.027367 -0.076609 0.278160 1.014692
0.289197 -0.032788 0.264530 -0.538793 -0.837586
0.294195 -0.041486 -0.013471 0.093224 -0.995778
0.287137 -0.023523 -0.338706 0.798730 1.278499
0.282262 -0.012789 0.093198 -0.245307 -0.720365
0.281188 -0.011468 -0.146119 0.303863 0.629405
0.279599 -0.009621 0.065869 -0.204001 -0.179979
0.281025 -0.014933 0.005754 -0.064607 0.072320
0.281758 -0.018855 0.030867 -0.131357 -0.642672
0.278739 -0.014468 -0.181176 0.344923 1.141141
0.279166 -0.018966 0.201217 -0.558065 -0.158874
0.286114 -0.038513 0.146794 -0.425030 -1.724216
0.280542 -0.029351 -0.423587 0.866945 0.261796
0.265537 -0.000504 -0.327648 0.585017 0.505270
0.255883 0.014368 -0.155963 0.167419 0.011361
0.249715 0.021029 -0.152583 0.166937 -0.273449
0.241772 0.032200 -0.244410 0.390686 0.553509
0.235664 0.039590 -0.061778 -0.013992 0.544590
0.236723 0.031645 0.114306 -0.379727 -0.333589
0.238947 0.022854 -0.002462 -0.065891 0.191473
0.240059 0.017934 0.057949 -0.179495 0.146598
0.243281 0.009197 0.103227 -0.257991 0.229428
0.248873 -0.004051 0.176394 -0.404948 -0.780714
0.250680 -0.007768 -0.085058 0.209692 -0.210700
0.245921 0.003435 -0.152864 0.350709 -0.328677
0.237662 0.022163 -0.260063 0.586073 0.956982
0.233660 0.030684 0.058625 -0.147923 0.053381
0.236264 0.024900 0.071716 -0.142499 0.405190
0.241746 0.013790 0.202133 -0.411465 0.355942
0.252099 -0.007223 0.315606 -0.640141 -0.315589
0.262537 -0.027249 0.207072 -0.368951 -0.506491
0.267450 -0.034328 0.039315 0.008280 -1.015850
0.262339 -0.019167 -0.294027 0.742568 -0.226647
0.249221 0.012623 -0.362308 0.851629 1.509559
0.244866 0.022700 0.142517 -0.329118 0.005839
0.250500 0.010454 0.139497 -0.286201 0.472007
0.259148 -0.007579 0.292718 -0.614374 0.053071
0.271127 -0.032281 0.306701 -0.625479 -1.232881
0.275169 -0.038250 -0.103041 0.312586 -0.519000
0.267724 -0.019045 -0.269078 0.646860 0.931489
0.263293 -0.008748 0.046193 -0.119277 0.341582
0.267411 -0.018774 0.159498 -0.380329 -0.280728
0.271905 -0.029567 0.065745 -0.164552 0.409113
0.277294 -0.042863 0.203425 -0.498121 -1.432775
0.275924 -0.041106 -0.270319 0.571323 0.266001
0.267057 -0.024022 -0.173765 0.290130 -0.643568
0.255923 -0.003447 -0.382614 0.736430 -0.124368
0.239912 0.026884 -0.418428 0.785449 2.209420
0.237928 0.023990 0.316655 -0.907012 -1.206736
0.242377 0.008043 -0.092361 0.092578 0.360207
0.241074 0.006308 0.026833 -0.175930 0.424094
0.244927 -0.006832 0.165587 -0.479382 -1.223317
0.243355 -0.006699 -0.242729 0.472663 0.903682
0.239743 -0.002432 0.060930 -0.248331 -0.486260
0.238913 -0.004587 -0.101812 0.134746 -0.012604
0.234786 0.000741 -0.104608 0.132769 -0.125490
0.229785 0.007852 -0.145449 0.222901 0.733153
0.228859 0.005421 0.098347 -0.337037 -0.422410
0.229919 -0.000962 -0.044694 0.011727 -0.955045
0.221781 0.014175 -0.361352 0.737907 0.419503
0.210197 0.036626 -0.218832 0.393960 1.221042
0.209539 0.034008 0.184567 -0.512653 0.740902
0.221694 0.003635 0.423002 -1.005193 -1.094931
0.231167 -0.018286 0.052438 -0.107830 -1.135092
0.225735 -0.005406 -0.322962 0.742502 0.511486
0.216340 0.015357 -0.147837 0.305870 0.380077
0.212964 0.021740 -0.021561 0.018636 -0.330155
0.209856 0.028076 -0.133511 0.295502 0.160398
0.205560 0.037732 -0.081632 0.190741 0.146080
0.203206 0.043786 -0.036326 0.114237 0.511096
0.205064 0.041426 0.128749 -0.227877 0.419902
0.212872 0.027182 0.261530 -0.483615 -0.632687
0.218984 0.018880 0.045011 0.059341 1.042311
0.227675 0.005656 0.388604 -0.712423 -0.277874
0.241240 -0.017437 0.290512 -0.450467 -0.762243
0.247752 -0.023500 0.036094 0.137832 0.615016
0.253350 -0.028112 0.243138 -0.362316 -0.599039
0.259091 -0.033527 0.044705 0.084158 1.054548
0.267971 -0.047193 0.398226 -0.758155 -2.008207
0.270533 -0.046764 -0.267749 0.758389 1.025678
0.266856 -0.034223 0.082318 -0.116750 -1.100887
0.262881 -0.022591 -0.280033 0.689423 0.955367
0.258185 -0.011096 0.043810 -0.101356 -0.200312
0.258611 -0.012158 -0.022262 0.045982 -0.550018
0.254093 -0.002175 -0.203213 0.449470 1.720833
0.257482 -0.011249 0.370740 -0.886213 -1.209134
0.264156 -0.027167 -0.035199 0.073619 -0.203726
0.261462 -0.021788 -0.099397 0.194691 0.550307
0.261223 -0.023185 0.086756 -0.258486 -0.442162
0.261764 -0.026895 -0.059144 0.067641 0.122680
0.260283 -0.026758 -0.015067 -0.058982 -1.369958
0.250619 -0.008590 -0.466920 0.956812 0.310051
0.234170 0.023471 -0.356618 0.656786 1.590809
0.230532 0.025015 0.172825 -0.562095 -1.767830
0.225547 0.031043 -0.420028 0.844863 1.162853
0.216536 0.046620 -0.032231 -0.050166 -0.048075
0.214814 0.046536 -0.053741 0.044670 0.726677
0.217395 0.038238 0.182191 -0.454288 0.540605
0.228120 0.013301 0.354021 -0.792785 -0.449932
0.239133 -0.010088 0.197695 -0.386991 -0.508702
0.243616 -0.017428 0.027181 0.012912 -0.239003
0.243149 -0.013620 -0.050347 0.175926 0.506425
0.244556 -0.014874 0.120084 -0.233108 -0.394881
0.246726 -0.018126 -0.011055 0.065627 0.049969
0.246662 -0.016738 0.007755 0.004889 -1.279190
0.238498 0.002752 -0.414873 0.960112 0.670084
0.226496 0.029683 -0.186583 0.399710 0.700006
0.223679 0.035122 0.044775 -0.119320 0.363818
0.227788 0.025782 0.160518 -0.346367 -0.016059
0.233987 0.013279 0.149740 -0.282156 0.422565
0.242708 -0.003770 0.286233 -0.569599 -1.806709
0.242055 0.001923 -0.316833 0.835615 1.330132
0.238346 0.013887 0.129485 -0.220149 -0.404916
0.240761 0.011964 -0.008176 0.118872 1.545127
0.250696 -0.006852 0.503489 -1.047085 -0.655119
0.266326 -0.037385 0.279480 -0.493500 -0.267350
0.275729 -0.053187 0.191260 -0.302446 -0.987476
0.276882 -0.050935 -0.132525 0.405527 0.851852
0.277414 -0.049465 0.157989 -0.321538 -0.108662
0.283069 -0.061343 0.125069 -0.275401 -1.347900
0.279207 -0.052731 -0.316845 0.694236 -0.502889
0.263410 -0.019361 -0.473235 0.976966 -0.129320
0.243812 0.019979 -0.507350 0.997493 0.328228
0.225811 0.053997 -0.393814 0.714200 1.301294
0.218694 0.062961 0.036266 -0.250434 1.405456
0.229307 0.033234 0.493549 -1.228606 -0.251135
0.247118 -0.009609 0.398223 -0.926136 -0.564099
0.259172 -0.036937 0.205716 -0.452416 -2.006272
0.254070 -0.024458 -0.458753 1.057863 0.777671
0.241104 0.003967 -0.191096 0.378452 1.381645
0.242697 -0.002500 0.269236 -0.688134 -2.501660
0.236725 0.009305 -0.565065 1.253481 1.046127
0.221249 0.041954 -0.210728 0.397707 0.718115
0.217558 0.047330 0.025262 -0.120543 0.337798
0.220687 0.038627 0.131041 -0.313612 0.211849
0.227199 0.024189 0.194686 -0.409803 0.246588
0.236505 0.005162 0.270758 -0.543420 0.084673
0.247798 -0.016985 0.294273 -0.567959 -0.973708
0.253037 -0.024339 -0.030973 0.188124 -0.014551
0.251778 -0.017363 -0.032149 0.162381 1.896663
0.263165 -0.040577 0.599565 -1.306733 -1.082463
0.279835 -0.075400 0.236056 -0.453860 -1.516227
0.279303 -0.071471 -0.261081 0.635914 -0.955100
0.262762 -0.033867 -0.565792 1.243602 1.327265
0.249220 -0.006921 -0.113484 0.124512 0.123506
0.245537 -0.004136 -0.070884 0.016785 -1.305245
0.234032 0.016499 -0.503229 1.005140 0.713823
0.218768 0.044813 -0.261455 0.424486 1.041354
0.215196 0.046329 0.081666 -0.337629 0.629228
0.222492 0.024729 0.282901 -0.741082 -1.744617
0.222034 0.023481 -0.303580 0.658789 0.943507
0.216211 0.035051 0.011013 -0.067680 0.322746
0.218705 0.028335 0.113526 -0.266671 -0.453482
0.220122 0.025688 -0.042034 0.128271 -0.220623
0.216930 0.034675 -0.117436 0.320198 1.144680
0.219809 0.030340 0.260157 -0.525990 -0.229926
0.228532 0.014285 0.176657 -0.283302 0.912189
0.241583 -0.010302 0.475352 -0.941688 -1.150546
0.252816 -0.029230 0.088094 -0.021467 0.067231
0.256841 -0.031724 0.113077 -0.102605 -0.222705
0.259931 -0.032963 0.041673 0.038385 -0.875330
0.255849 -0.018761 -0.245068 0.665825 0.437612
0.249094 -0.000132 -0.093631 0.274762 0.980189
0.251906 -0.004529 0.233118 -0.484805 0.462836
0.264240 -0.030446 0.383561 -0.811556 -0.739348
0.274604 -0.051142 0.136002 -0.235605 -2.267751
0.265042 -0.026617 -0.612108 1.443697 0.723237
0.245642 0.017515 -0.359704 0.780833 2.390034
0.247227 0.011444 0.436229 -1.059825 -0.881673
0.258622 -0.015686 0.135198 -0.312507 -0.500812
0.260683 -0.020403 -0.031459 0.070307 0.193303
0.260764 -0.021092 0.035240 -0.102464 -1.406778
0.252845 -0.003900 -0.429875 0.950780 0.745952
0.240764 0.021346 -0.175676 0.325331 0.576367
0.237569 0.025606 0.015213 -0.105412 -0.126359
0.237262 0.024103 -0.030368 0.028109 -0.828008
0.230488 0.038502 -0.307569 0.685375 2.303328
0.233513 0.030600 0.456318 -1.057760 -1.609973
0.240825 0.015178 -0.088414 0.265243 -0.064352
0.236861 0.026820 -0.109931 0.318381 1.079931
0.239628 0.023218 0.247086 -0.487855 -0.980926
0.242854 0.020008 -0.084474 0.315463 0.869859
0.245256 0.019361 0.203561 -0.338776 0.371528
0.255767 0.001054 0.321963 -0.576834 -0.216136
0.267109 -0.017853 0.245811 -0.375120 -0.286234
0.275012 -0.028325 0.149869 -0.153715 -0.316087
0.278936 -0.030025 0.046717 0.065298 0.221680
0.282348 -0.031555 0.123610 -0.139244 -0.034364
0.287106 -0.037100 0.114413 -0.139101 -1.119065
0.284297 -0.026119 -0.253849 0.678906 1.394217
0.283572 -0.021849 0.215788 -0.448764 -1.208266
0.284143 -0.021112 -0.185805 0.472837 0.426636
0.279663 -0.009835 -0.038973 0.098483 0.526035
0.281637 -0.014299 0.137089 -0.316752 -0.619012
0.282983 -0.017332 -0.068961 0.157819 -0.803887
0.274937 0.000754 -0.332792 0.741884 0.724339
0.266552 0.018365 -0.087729 0.150495 1.411123
0.272407 0.002973 0.379185 -0.908359 -0.623068
0.283282 -0.022469 0.165872 -0.376281 -1.297486
0.281277 -0.017576 -0.264699 0.608115 0.695157
0.275442 -0.005115 -0.028205 0.025564 0.305341
0.276358 -0.008901 0.073698 -0.212283 -1.024369
0.272477 -0.001542 -0.266664 0.570684 0.625519
0.266059 0.010912 -0.055254 0.061675 -0.170580
0.262697 0.016207 -0.112734 0.202136 1.184049
0.266055 0.006248 0.279459 -0.689567 -1.224099
0.268969 -0.001425 -0.132089 0.290669 -0.357001
0.261355 0.015303 -0.248539 0.545457 1.461882
0.261182 0.014334 0.238174 -0.578349 -0.076719
0.270076 -0.006478 0.207059 -0.467887 -0.126480
0.277456 -0.022736 0.162453 -0.349943 -0.665031
0.279525 -0.026544 -0.058154 0.151740 0.642682
0.281552 -0.031127 0.158785 -0.374387 -0.636393
0.283682 -0.036521 -0.051472 0.096941 -0.636899
0.277482 -0.023810 -0.258103 0.535012 -0.648316
0.262978 0.006315 -0.466970 0.971091 1.743236
0.256027 0.017262 0.117084 -0.402195 -0.351047
0.258275 0.007537 -0.004014 -0.090328 -0.585887
0.254186 0.013254 -0.199857 0.370837 0.017022
0.246330 0.027673 -0.193231 0.353217 2.362930
0.254306 0.005726 0.589728 -1.430165 -2.529558
0.260837 -0.010539 -0.259768 0.585353 0.732874
0.255430 0.000625 -0.011683 -0.016488 0.993539
0.261566 -0.015227 0.317574 -0.768662 -2.352074
0.258539 -0.009136 -0.466235 1.048941 1.258456
0.248437 0.011910 -0.040809 0.021954 0.006230
0.246821 0.012975 -0.040015 0.031409 0.639454
0.249447 0.004704 0.170752 -0.439992 -1.329250
0.247355 0.008261 -0.273806 0.603866 0.600853
0.240470 0.022609 -0.071487 0.123168 0.717261
0.242346 0.016920 0.164577 -0.401384 0.382667
0.251372 -0.004046 0.286744 -0.647603 -0.363895
0.260327 -0.023549 0.161888 -0.335802 -0.895334
0.260846 -0.023291 -0.134936 0.339261 -0.513669
0.252131 -0.002786 -0.300647 0.685223 0.780082
0.245401 0.011696 -0.037104 0.050668 0.318550
0.246014 0.009071 0.067453 -0.179194 0.590088
0.252587 -0.006674 0.260808 -0.605207 -1.003265
0.256265 -0.014777 -0.075514 0.187262 0.547443
0.256944 -0.016253 0.108795 -0.255111 -0.455925
0.258257 -0.019454 -0.042516 0.089560 -0.473760
0.253460 -0.009129 -0.197048 0.424022 0.737465
0.250565 -0.004242 0.051334 -0.170334 -0.740634
0.247674 0.000488 -0.195137 0.399762 0.605542
0.243954 0.006688 0.008269 -0.081767 0.074513
0.244750 0.002573 0.031584 -0.124212 -0.180355
0.244787 0.000637 -0.029487 0.024941 -0.088342
0.243020 0.003010 -0.058819 0.093203 0.418477
0.243455 0.000290 0.080163 -0.225244 -0.034360
0.246396 -0.007848 0.067077 -0.183849 -1.661349
0.238015 0.010422 -0.484516 1.083177 1.448625
0.228408 0.030333 0.001983 -0.067357 0.534241
0.231959 0.020269 0.175211 -0.432725 -0.435171
0.235959 0.010733 0.025521 -0.051308 1.789265
0.248845 -0.018450 0.617268 -1.394718 -1.091084
0.266102 -0.056009 0.247747 -0.503589 -1.176006
0.268241 -0.058723 -0.139407 0.355260 -0.048223
0.262526 -0.045575 -0.146671 0.305389 0.431593
0.259675 -0.041417 0.003463 -0.091123 -1.084101
0.252684 -0.029236 -0.352076 0.691691 0.891305
0.244699 -0.016833 -0.048509 -0.058608 -0.289304
0.240865 -0.015020 -0.142919 0.146702 0.392411
0.237816 -0.015701 -0.009999 -0.176332 -2.158653
0.223068 0.010303 -0.725365 1.458757 1.158597
0.201963 0.049175 -0.332198 0.506260 0.878298
0.194482 0.056456 -0.042999 -0.131708 0.566886
0.196385 0.044014 0.137851 -0.487891 -0.775610
0.196570 0.038105 -0.127480 0.181938 -0.800021
0.186094 0.058331 -0.395675 0.824157 2.017119
0.183661 0.060702 0.271643 -0.683875 -0.797283
0.188986 0.047928 -0.004099 0.032795 1.622468
0.199501 0.025468 0.528523 -1.144134 0.238754
0.221994 -0.021802 0.596834 -1.227417 -1.851779
0.233406 -0.041288 -0.023537 0.228509 -0.022071
0.232437 -0.033027 -0.025121 0.186727 -0.301202
0.229525 -0.021906 -0.120425 0.368976 0.460287
0.227869 -0.015177 0.036887 -0.025665 -0.029973
0.229170 -0.016020 0.028203 -0.016814 0.174265
0.231486 -0.019680 0.087434 -0.164802 -0.058241
0.234610 -0.025575 0.068968 -0.131630 -1.176932
0.229574 -0.013146 -0.319651 0.743357 0.797121
0.222230 0.003081 -0.048922 0.080501 0.251852
0.221950 0.002433 0.034679 -0.110356 -0.316029
0.221210 0.003116 -0.071317 0.141088 -0.135030
0.217471 0.010756 -0.115654 0.241015 0.691451
0.217453 0.009741 0.113976 -0.284582 -0.626347
0.217777 0.008625 -0.096966 0.221497 1.269239
0.222352 -0.002070 0.324404 -0.744834 -0.286328
0.233310 -0.026478 0.224403 -0.484086 -1.968279
0.229178 -0.015547 -0.428962 1.011935 0.345720
0.214503 0.017945 -0.305896 0.674019 0.456378
0.205362 0.037452 -0.152106 0.310391 1.521290
0.209353 0.027019 0.350125 -0.818436 -0.569067
0.219385 0.004782 0.152653 -0.304919 -0.472421
0.222286 0.000405 -0.006914 0.079789 0.039866
0.222280 0.002930 0.006526 0.047425 0.678330
0.227049 -0.005547 0.231254 -0.465743 -0.438361
0.233319 -0.016906 0.083027 -0.109473 0.218460
0.238108 -0.024845 0.156334 -0.286560 -0.654731
0.240014 -0.026406 -0.060258 0.201302 -0.577500
0.233847 -0.010326 -0.247767 0.600303 0.831311
0.229577 -0.000089 0.032988 -0.076894 -0.892676
0.224943 0.010690 -0.263817 0.608348 0.821174
0.219917 0.021886 0.011290 -0.037206 -0.046378
0.220001 0.021710 -0.006972 0.027436 -0.046513
0.219364 0.024032 -0.024853 0.088281 0.514802
0.221748 0.020142 0.143555 -0.278398 0.686449
0.231963 -0.000654 0.366852 -0.758819 -1.178694
0.238676 -0.011855 -0.029516 0.183332 -0.064256
0.237116 -0.004010 -0.048611 0.210110 1.092818
0.242475 -0.012724 0.315435 -0.635692 -1.041497
0.248091 -0.021556 -0.033218 0.180828 -0.365062
0.244403 -0.009415 -0.151005 0.425245 1.687100
0.249665 -0.019069 0.412250 -0.891342 -1.410134
0.256678 -0.032279 -0.059602 0.212597 -0.873417
0.248585 -0.011355 -0.344544 0.829140 0.527816
0.238461 0.012370 -0.162805 0.368275 0.560962
0.235704 0.018319 0.024189 -0.063527 -0.082140
0.236071 0.017591 -0.005718 0.025733 0.579189
0.239654 0.010140 0.184389 -0.393876 0.195787
0.248245 -0.007819 0.245297 -0.506067 -1.083937
0.250782 -0.010873 -0.117078 0.340876 1.163231
0.253907 -0.015775 0.272014 -0.574094 -1.475573
0.254916 -0.015632 -0.219803 0.565264 -0.086729
0.245663 0.007234 -0.243262 0.582319 0.915241
0.242088 0.015898 0.063237 -0.137252 1.678045
0.255718 -0.014777 0.616936 -1.385078 -1.235961
0.271992 -0.049651 0.199016 -0.380006 -0.687915
0.275428 -0.054911 -0.026315 0.109045 -0.015588
0.274408 -0.051695 -0.024849 0.053141 -1.262614
0.265141 -0.031440 -0.437541 0.951247 0.079378
0.248379 0.003424 -0.401390 0.800908 0.881737
0.238303 0.020955 -0.103880 0.089185 1.146497
0.241740 0.007313 0.274686 -0.762132 -0.652443
0.248255 -0.011930 0.052276 -0.211515 -1.203363
0.242335 -0.001866 -0.347043 0.703858 1.170703
0.236351 0.007351 0.046224 -0.228106 -0.062188
0.237735 -0.000311 0.023213 -0.157479 -0.764102
0.233557 0.005365 -0.231321 0.434091 0.408565
0.227074 0.016029 -0.093502 0.105883 1.219907
0.231428 0.001790 0.310035 -0.807898 -0.863936
0.237954 -0.016099 0.017727 -0.100046 -0.670152
0.234225 -0.010013 -0.203536 0.398539 -0.206732
0.224790 0.008373 -0.268371 0.522649 1.058571
0.221156 0.012547 0.085308 -0.301524 -0.921742
0.218362 0.015374 -0.223919 0.433119 0.181788
0.210644 0.029720 -0.162472 0.289084 0.180201
0.205319 0.038858 -0.104151 0.171322 0.633866
0.205304 0.036698 0.102730 -0.273511 0.183903
0.210509 0.024193 0.157626 -0.353109 0.246948
0.218344 0.007351 0.234239 -0.490383 -0.787100
0.222381 0.000698 -0.031259 0.147453 1.812779
0.233204 -0.021392 0.570659 -1.236818 -0.739223
0.250966 -0.058315 0.319134 -0.625457 -1.692453
0.252514 -0.057883 -0.239774 0.629515 -0.004490
0.243113 -0.034777 -0.230886 0.531675 0.348493
0.236350 -0.020343 -0.108005 0.197491 0.139967
0.233035 -0.015297 -0.058071 0.057764 -1.385464
0.221538 0.007898 -0.515610 1.092082 0.279407
0.202921 0.046044 -0.416364 0.826544 2.034331
0.199810 0.047919 0.258386 -0.710785 -0.342699
0.207652 0.026841 0.134605 -0.352179 -0.441326
0.209984 0.020664 -0.017287 0.036697 0.344211
0.211537 0.017318 0.094625 -0.201327 -0.342863
0.212967 0.015245 -0.022618 0.093151 0.689260
0.216622 0.008657 0.204681 -0.416730 -1.148392
0.217082 0.010433 -0.180311 0.493095 1.370177
0.219028 0.008737 0.276047 -0.563370 -0.604579
0.225937 -0.003509 0.070411 -0.058426 0.145649
0.229715 -0.008042 0.118387 -0.167587 -0.237142
0.232859 -0.011020 0.039153 0.015511 -0.643153
0.230167 -0.000750 -0.173187 0.493296 -0.673036
0.218834 0.028689 -0.393275 0.977600 0.837218
0.208749 0.054350 -0.112521 0.320045 1.324720
0.212973 0.047734 0.322348 -0.638818 -0.089881
0.225058 0.025570 0.282590 -0.475971 0.108263
0.236943 0.006151 0.311984 -0.498503 0.543018
0.252935 -0.021268 0.487517 -0.872619 -1.393967
0.263069 -0.034043 0.021138 0.215939 0.260727
0.265747 -0.030435 0.112317 -0.031391 -0.806735
0.264928 -0.019918 -0.152562 0.551211 1.666222
0.270027 -0.024614 0.405591 -0.768393 -0.814014
0.280767 -0.042349 0.132758 -0.130972 -1.180517
0.278295 -0.030235 -0.255280 0.727137 0.890203
0.274176 -0.016450 0.047898 -0.024678 0.223289
0.277604 -0.021174 0.123329 -0.209856 -0.543938
0.278930 -0.021384 -0.056422 0.193625 0.099774
0.277409 -0.015887 -0.019894 0.083866 -0.396989
0.274016 -0.006875 -0.149470 0.364571 0.722610
0.272911 -0.004002 0.093258 -0.212251 -0.282374
0.274736 -0.007924 -0.001589 0.012196 -0.104275
0.273994 -0.005996 -0.035405 0.083580 0.428869
0.275453 -0.009455 0.107906 -0.252483 -0.517136
0.276309 -0.011454 -0.064463 0.146508 0.737388
0.278680 -0.017347 0.182224 -0.434157 -0.831372
0.280409 -0.021731 -0.094688 0.205102 0.220084
0.278163 -0.017651 -0.018028 0.002535 -0.441039
0.274546 -0.011154 -0.162454 0.319167 0.027528
0.268302 0.000538 -0.150016 0.268467 -0.348089
0.260024 0.016313 -0.263788 0.519828 0.537395
0.253088 0.028572 -0.083918 0.101488 1.628136
0.260509 0.008195 0.453526 -1.107574 -0.122490
0.277646 -0.032520 0.404324 -0.938544 -2.276586
0.278608 -0.034587 -0.353477 0.810148 1.036092
0.271557 -0.019942 -0.000677 -0.062829 -0.030632
0.271360 -0.022332 -0.009118 -0.057234 -1.449747
0.261392 -0.002763 -0.487959 1.024423 0.346096
0.244338 0.031494 -0.365903 0.699829 1.406738
0.239091 0.037729 0.101770 -0.371735 -0.426574
0.240184 0.030813 -0.046416 0.019168 0.018832
0.238385 0.032018 -0.043559 0.041021 0.164799
0.237670 0.031857 0.007673 -0.047833 1.525570
0.248040 0.007364 0.509633 -1.166186 -0.400351
0.265564 -0.031363 0.367869 -0.783192 -1.681649
0.269042 -0.036521 -0.191838 0.506069 0.951484
0.267850 -0.032371 0.130940 -0.286685 -1.161614
0.265388 -0.026338 -0.252812 0.577445 0.823590
0.260898 -0.017238 0.027042 -0.111014 -0.578178
0.258153 -0.013015 -0.163672 0.316964 -0.283426
0.249797 0.003325 -0.254181 0.500726 1.782027
0.251551 -0.004582 0.339896 -0.878323 -1.538453
0.254789 -0.014981 -0.175905 0.339191 -0.326462
0.245664 0.002834 -0.280311 0.552097 0.650697
0.238857 0.014282 -0.061098 0.029948 -0.948159
0.230078 0.030369 -0.376977 0.767116 0.966455
0.221473 0.045938 -0.054770 0.025012 0.485321
0.222408 0.040565 0.101106 -0.290270 -0.505874
0.222950 0.038087 -0.073242 0.159580 1.223990
0.228094 0.026401 0.329276 -0.733784 -0.074218
0.240596 -0.000175 0.296532 -0.602091 -0.908171
0.246319 -0.009461 -0.009086 0.125729 0.634384
0.250209 -0.014521 0.202920 -0.372749 -1.374587
0.249152 -0.008111 -0.254254 0.679785 1.297001
0.247725 -0.001899 0.181176 -0.353472 -0.442540
0.251973 -0.008768 0.031917 0.003661 -0.150109
0.252266 -0.006481 -0.017164 0.109652 0.025985
0.251778 -0.002749 -0.007362 0.078157 -0.399956
0.248835 0.006397 -0.139469 0.376749 1.223268
0.251431 0.002363 0.267870 -0.566050 -0.707448
0.257343 -0.008556 0.028836 0.009849 0.415730
0.261277 -0.014719 0.167467 -0.314624 -0.445337
0.264993 -0.020342 0.018983 0.027495 0.997169
0.272429 -0.035026 0.351862 -0.753523 -1.899238
0.273834 -0.035788 -0.279351 0.694916 0.183669
0.264062 -0.012531 -0.210009 0.475554 0.921863
0.261891 -0.008562 0.100237 -0.265901 0.272100
0.267686 -0.023186 0.189505 -0.465398 -1.494843
0.265303 -0.018727 -0.306991 0.673250 0.077967
0.253684 0.005705 -0.274611 0.554874 -0.092104
0.242157 0.028740 -0.302085 0.600765 0.924100
0.236244 0.038487 0.005140 -0.101504 0.810455
0.241735 0.023055 0.268853 -0.665350 0.309740
0.254394 -0.006856 0.364401 -0.833723 -1.440655
0.259272 -0.017079 -0.118543 0.304479 -0.102449
0.253929 -0.004091 -0.148782 0.346925 1.104657
0.255384 -0.007706 0.220267 -0.516280 -1.230705
0.255944 -0.008901 -0.190777 0.442797 0.374748
0.250889 0.002293 -0.062660 0.123598 0.140523
0.249328 0.005004 -0.015624 0.014028 -0.151439
0.247683 0.008027 -0.066480 0.136035 -0.456990
0.241984 0.020532 -0.218194 0.486766 1.074037
0.240423 0.023377 0.138846 -0.332448 -0.093717
0.245247 0.012546 0.102723 -0.212892 0.251371
0.250963 0.000787 0.183035 -0.375142 -0.880022
0.252366 -0.000137 -0.111767 0.319057 1.318764
0.256711 -0.008023 0.327588 -0.700601 -1.299118
0.261080 -0.015298 -0.107446 0.321030 0.313407
0.258944 -0.008014 0.000113 0.048430 -0.732969
0.254093 0.004975 -0.242052 0.595905 1.540655
0.254734 0.004504 0.272234 -0.602739 -0.112573
0.264768 -0.016925 0.230074 -0.474751 -1.116118
0.266508 -0.018490 -0.141711 0.384132 0.475099
0.264095 -0.011325 0.020287 -0.018846 -0.379910
0.262397 -0.006441 -0.104817 0.260111 -0.689440
0.253668 0.014098 -0.331230 0.763825 0.649776
0.244822 0.034019 -0.112302 0.243566 0.969137
0.246731 0.029394 0.206736 -0.465801 0.537878
0.258437 0.003848 0.378515 -0.811729 -0.611739
0.269370 -0.018005 0.169383 -0.292566 -0.136122
0.275230 -0.027601 0.123941 -0.190586 -0.510769
0.276818 -0.027726 -0.043972 0.179095 -0.891935
0.269210 -0.007705 -0.335803 0.817013 1.201984
0.263910 0.005278 0.069063 -0.151656 -0.601717
0.262631 0.008822 -0.132351 0.322888 0.915737
0.263453 0.007484 0.172388 -0.380164 -0.650817
0.265940 0.003000 -0.047125 0.147637 -0.883421
0.258190 0.022391 -0.339713 0.816338 0.843425
0.250280 0.041569 -0.057218 0.155770 1.451595
0.257568 0.026330 0.420297 -0.906047 -1.263459
0.265774 0.011360 -0.008123 0.140052 0.604159
0.269456 0.007806 0.191590 -0.312100 -0.388589
0.274462 0.001939 0.059325 0.013032 -0.186303
0.275585 0.005400 -0.003006 0.158638 1.482364
0.285329 -0.011066 0.488773 -0.969370 -1.023685
0.297940 -0.033030 0.143486 -0.144901 -0.340255
0.301460 -0.034129 0.032923 0.086456 0.862482
0.308594 -0.044773 0.322891 -0.610888 -1.581353
0.310998 -0.045136 -0.200854 0.576016 0.219072
0.304603 -0.027232 -0.119630 0.326151 0.706427
0.304622 -0.026064 0.119672 -0.259343 -0.682620
0.304884 -0.026178 -0.105764 0.246522 0.480487
0.303942 -0.024598 0.058015 -0.161505 -0.732947
0.301416 -0.020124 -0.183564 0.378544 1.194291
0.302118 -0.024267 0.217261 -0.573157 -1.284508
0.302232 -0.027236 -0.209992 0.410296 -0.376121
0.291452 -0.006196 -0.329010 0.642609 0.786745
0.283637 0.006449 -0.063006 0.001147 -0.411829
0.278363 0.013000 -0.200306 0.323199 0.394940
0.272998 0.019763 -0.068567 0.020566 0.939658
0.276464 0.006617 0.241046 -0.670836 -0.821797
0.280521 -0.006509 -0.036864 0.002514 0.026673
0.279238 -0.006940 -0.027337 -0.023796 0.594716
0.282111 -0.017126 0.170487 -0.481094 -0.982220
0.282362 -0.021007 -0.156696 0.275615 -0.225909
0.274680 -0.007338 -0.227474 0.408703 1.029049
0.272504 -0.007486 0.117449 -0.404744 -0.661410
0.272758 -0.013119 -0.103843 0.114696 0.066176
0.269092 -0.009977 -0.079649 0.044017 0.428783
0.268787 -0.015066 0.064013 -0.294728 -1.197438
0.263373 -0.008389 -0.333463 0.617109 0.183696
0.251370 0.012481 -0.267370 0.433136 1.082066
0.247911 0.012925 0.093153 -0.399174 -0.489089
0.248296 0.005334 -0.073157 0.012336 -0.489292
0.242105 0.013481 -0.235934 0.391318 -0.194043
0.231407 0.031934 -0.299094 0.532991 0.991994
0.226049 0.038091 0.029899 -0.213342 -0.515458
0.223700 0.038672 -0.146707 0.236184 1.280185
0.226291 0.029094 0.275012 -0.703864 -0.966330
0.230690 0.017433 -0.053592 0.107171 0.390240
0.231116 0.016027 0.074449 -0.173758 0.583470
0.237908 0.000759 0.264833 -0.586909 -0.732832
0.243531 -0.010616 0.017459 0.007560 -0.918436
0.238140 0.003581 -0.286211 0.695459 0.878321
0.232627 0.017102 0.009203 -0.006833 -0.291477
0.231013 0.021754 -0.089646 0.236949 0.901059
0.233402 0.017627 0.208140 -0.434714 -0.118809
0.240826 0.003098 0.163562 -0.296564 -1.096142
0.240019 0.008589 -0.202702 0.560197 0.962453
0.238372 0.015710 0.119050 -0.192171 0.957535
0.249432 -0.006020 0.433305 -0.888836 -0.898746
0.260658 -0.026673 0.129494 -0.158257 0.203070
0.267216 -0.036484 0.198363 -0.331827 -1.744372
0.263576 -0.023343 -0.378650 0.973361 -0.359209
0.246234 0.019312 -0.488914 1.165046 1.483270
0.236671 0.042076 0.008465 -0.005556 1.947235
0.249858 0.012999 0.649294 -1.434431 -2.313198
0.260190 -0.006577 -0.129463 0.425667 0.371176
0.257553 0.004072 -0.003086 0.113281 0.706614
0.262131 -0.002263 0.231279 -0.423769 -0.658101
0.266938 -0.008543 0.010016 0.101139 0.644652
0.271654 -0.014690 0.225130 -0.402590 -0.551395
0.276957 -0.022082 0.040804 0.025475 -0.921165
0.272508 -0.007416 -0.262457 0.701277 1.116471
0.269554 0.002417 0.113152 -0.195105 -1.359396
0.264996 0.015859 -0.339636 0.855071 1.024222
0.258312 0.033604 0.003781 0.047202 0.725827
0.263215 0.025115 0.240767 -0.466181 -0.242254
0.271101 0.011441 0.154136 -0.223555 -0.019847
0.277067 0.003418 0.144378 -0.179830 0.968532
0.289241 -0.018287 0.463629 -0.899558 -1.029041
0.300838 -0.037641 0.117859 -0.083581 -0.329181
0.303426 -0.036647 0.011904 0.130417 0.045262
0.304298 -0.033106 0.031493 0.048481 0.534133
0.309185 -0.040158 0.212291 -0.396191 -2.070827
0.303931 -0.024588 -0.472930 1.156239 0.531734
0.288776 0.011420 -0.286264 0.658201 1.587526
0.287955 0.012789 0.243298 -0.572203 -1.109006
0.290191 0.008039 -0.130049 0.321277 1.143439
0.292621 0.003123 0.250296 -0.555773 -0.049360
0.302208 -0.017494 0.229582 -0.480207 -1.002546
0.304685 -0.021028 -0.104492 0.291925 0.881632
0.306456 -0.023732 0.192005 -0.417700 -0.823889
0.308642 -0.027744 -0.081632 0.207515 0.851283
0.311129 -0.033401 0.204992 -0.481783 -1.931169
0.306485 -0.023124 -0.435145 0.977306 1.000729
0.295933 -0.001212 -0.094150 0.134387 0.523154
0.295669 -0.004049 0.080367 -0.271101 -0.514833
0.295425 -0.006682 -0.091856 0.133232 -0.059846
0.291387 -0.000734 -0.110129 0.164921 0.809132
0.292390 -0.006773 0.159413 -0.459324 -0.544811
0.295087 -0.016288 -0.023712 -0.024421 -0.576273
-0.004768 -0.004030 0.006285 -0.008162 0.094319
-0.024466 0.041685 -0.988344 2.270220 2.152926
-0.083373 0.175622 -1.952324 4.408584 2.929308
0.002002 0.004571 -0.006242 -0.008897 0.196634
-0.003351 0.016125 -0.260733 0.580585 1.098247
-0.023271 0.061009 -0.734231 1.656608 2.190639
-0.072371 0.172141 -1.716321 3.878564 2.976958
-0.004501 0.003149 0.001245 -0.006999 0.189459
-0.013399 0.023630 -0.444945 1.020613 1.559222
-0.030952 0.063344 -0.433522 0.973556 1.940573
-0.041780 0.087503 -0.109532 0.249843 1.645690
-0.037547 0.079049 0.319942 -0.661644 0.446930
-0.025833 0.057192 0.266501 -0.438543 0.585340
-0.013002 0.036141 0.375168 -0.615716 0.187028
-0.003860 0.026343 0.083204 0.113753 1.116695
-0.004271 0.039921 -0.103297 0.561473 1.812027
-0.010954 0.068466 -0.230878 0.866936 2.356483
-0.003412 0.064918 0.605163 -1.018706 0.311238
0.017988 0.032853 0.465993 -0.596554 0.525550
0.032881 0.018855 0.279632 -0.112833 1.069591
0.044848 0.013018 0.318748 -0.179221 0.950686
0.061218 -0.002069 0.499426 -0.572604 0.291479
0.073103 -0.005727 0.096380 0.375646 1.500047
0.096963 -0.037347 1.093479 -1.930023 -1.021944
0.160339 -0.158526 2.071232 -4.110891 -2.255818
-0.001347 0.003386 -0.001544 0.002664 0.218621
-0.009863 0.023106 -0.423072 0.973533 1.532364
-0.024922 0.057236 -0.330885 0.743012 1.732405
-0.027591 0.062939 0.195419 -0.439954 0.440220
-0.015075 0.036107 0.430238 -0.900697 -0.334278
-0.004044 0.015917 0.122814 -0.123544 0.445359
-0.004520 0.023857 -0.145731 0.513186 1.384336
-0.011328 0.046603 -0.194943 0.626962 1.768547
-0.007389 0.044867 0.389876 -0.695566 0.165864
0.002758 0.031146 0.118763 -0.002769 0.998719
0.003455 0.040988 -0.083304 0.489880 1.743894
0.001192 0.058409 -0.030393 0.386137 1.877783
0.004650 0.063788 0.202440 -0.109112 1.421939
0.024974 0.032527 0.812448 -1.442165 -0.312320
0.068017 -0.047471 1.339183 -2.557147 -1.426502
0.102512 -0.104135 0.390758 -0.321877 -0.741151
0.098680 -0.073819 -0.580053 1.815815 1.581222
0.071712 0.004407 -0.769215 2.106644 2.219719
0.061126 0.040111 0.235374 -0.280065 0.854342
0.074161 0.021585 0.416196 -0.644873 0.220949
0.086947 0.005765 0.224148 -0.156083 0.715505
0.100765 -0.011396 0.466213 -0.697746 -0.151706
0.115738 -0.030308 0.283505 -0.257832 0.167351
0.113779 -0.010181 -0.379526 1.247238 1.925462
0.078887 0.083840 -1.362413 3.437882 2.789479
0.044192 0.174138 -0.379446 1.135940 3.000000
0.048020 0.178467 0.567556 -0.889821 1.961335
0.065390 0.159136 0.302264 -0.090662 2.875410
0.096928 0.114108 1.273340 -2.145644 0.615527
0.151381 0.024396 1.450397 -2.354621 -0.076777
0.228880 -0.111975 2.421547 -4.453960 -1.510314
0.009349 0.003661 -0.002168 -0.006255 0.221067
0.003092 0.017764 -0.309815 0.704169 1.267120
-0.017770 0.065141 -0.732512 1.659854 2.247089
-0.066209 0.175096 -1.685092 3.817260 3.000000
-0.003081 0.000221 0.007824 0.005511 0.205478
-0.016237 0.031580 -0.663783 1.546708 1.924010
-0.029835 0.062645 -0.019207 0.034736 1.056123
-0.031170 0.066473 -0.047468 0.155731 1.336035
-0.030408 0.067652 0.085149 -0.093011 1.103872
-0.025152 0.061015 0.177557 -0.238124 0.910143
-0.013772 0.042995 0.391182 -0.660647 0.216487
-0.003824 0.031183 0.107498 0.057801 1.111495
-0.000652 0.036638 0.051234 0.213808 1.423588
0.010800 0.023972 0.519992 -0.835010 -0.024008
0.028092 -0.000042 0.345775 -0.376818 0.292095
0.040752 -0.012008 0.287663 -0.226002 0.370973
0.069409 -0.060617 1.142751 -2.185267 -1.543565
0.134682 -0.191902 2.115915 -4.358723 -2.593436
-0.003637 0.008484 -0.000582 0.003875 0.295946
-0.002325 0.005736 0.065992 -0.139799 0.070517
-0.009150 0.022275 -0.405810 0.954540 1.535537
-0.022999 0.054449 -0.287719 0.664727 1.664771
-0.025195 0.059932 0.176147 -0.374768 0.518403
-0.012643 0.033726 0.451157 -0.933101 -0.370793
0.000357 0.009614 0.200254 -0.286210 0.159936
0.001764 0.013904 -0.128806 0.490633 1.261503
-0.006079 0.039542 -0.263339 0.792007 1.830103
-0.008312 0.052039 0.149935 -0.151172 0.969514
-0.000498 0.042925 0.240683 -0.304224 0.718469
0.010299 0.029163 0.299323 -0.385464 0.506161
0.018314 0.023820 0.102296 0.110357 1.174317
0.020965 0.031916 0.030342 0.293480 1.532705
0.024167 0.039385 0.129298 0.084409 1.410456
0.032761 0.035524 0.299935 -0.273210 0.940644
0.048207 0.017579 0.472131 -0.622725 0.331409
0.060037 0.009925 0.120853 0.226595 1.403500
0.084820 -0.027099 1.115404 -2.052917 -1.060154
0.119419 -0.084547 0.617680 -0.848862 -0.957451
0.155899 -0.146223 1.204491 -2.224142 -2.116765
-0.007856 -0.007909 -0.005962 0.007689 0.033545
-0.028033 0.038329 -1.000079 2.280821 2.104187
-0.053783 0.095192 -0.291545 0.599327 1.964174
-0.048574 0.081550 0.549562 -1.258929 -0.242086
-0.031562 0.045393 0.302607 -0.565168 0.182138
-0.023515 0.033558 0.100776 -0.036255 0.830920
-0.014049 0.020235 0.371869 -0.624314 -0.069507
-0.006510 0.013216 0.006562 0.259596 1.072152
0.004542 -0.001306 0.544448 -0.971335 -0.599496
0.006344 0.006943 -0.450925 1.352769 1.938381
0.004385 0.022750 0.349729 -0.532632 0.171183
0.013391 0.013920 0.101658 0.080815 0.946006
0.022400 0.005939 0.348106 -0.473645 0.119627
0.027192 0.008691 -0.106925 0.596772 1.541312
0.003029 0.078074 -1.098302 2.851562 2.754780
-0.034240 0.175484 -0.768541 2.051683 3.000000
0.003596 0.006985 0.002889 -0.001869 0.285772
0.005593 0.002724 0.096692 -0.209081 -0.049043
-0.005262 0.028651 -0.637247 1.486483 1.890661
-0.049547 0.130524 -1.573663 3.590234 2.790622
0.000332 0.001869 0.007242 -0.001236 0.217410
-0.011067 0.028881 -0.575558 1.338147 1.815692
-0.045417 0.107766 -1.140656 2.600875 2.679834
-0.079331 0.184430 -0.559524 1.270868 3.000000
0.007845 0.002274 0.006587 -0.000039 0.242511
-0.002300 0.026384 -0.512411 1.193398 1.734069
-0.011147 0.046568 0.067491 -0.160814 0.601991
-0.012269 0.049984 -0.122899 0.325480 1.345736
-0.008565 0.043737 0.306758 -0.625830 0.068705
0.000481 0.027584 0.146491 -0.190992 0.515638
0.000546 0.034041 -0.142287 0.505325 1.520332
-0.004334 0.052532 -0.102209 0.424034 1.682213
-0.003012 0.057582 0.167282 -0.162211 1.081666
0.007625 0.043227 0.364243 -0.552959 0.457669
0.018842 0.030204 0.197538 -0.106956 0.977126
0.027117 0.025747 0.216270 -0.116644 0.960637
0.034378 0.024901 0.147098 0.071555 1.250984
0.040735 0.027081 0.170660 0.038391 1.275662
0.049491 0.024646 0.266864 -0.157886 1.027624
0.061117 0.016765 0.314467 -0.236583 0.871839
0.072430 0.010792 0.251566 -0.065675 1.073636
0.093765 -0.017579 0.813708 -1.340543 -0.581546
0.106177 -0.023675 -0.189350 1.001520 1.830383
0.110963 -0.013545 0.426215 -0.472420 0.265554
0.127554 -0.031136 0.403770 -0.411456 0.141590
0.134119 -0.025594 -0.073931 0.674441 1.538054
0.141534 -0.023666 0.442732 -0.560365 0.018748
0.151003 -0.026901 0.032228 0.384709 1.201823
0.158795 -0.027366 0.356208 -0.397102 0.150582
0.164284 -0.023101 -0.080300 0.597263 1.441557
0.169120 -0.018773 0.320528 -0.366496 0.262424
0.180374 -0.029761 0.242629 -0.187651 0.363366
0.183397 -0.022164 -0.090475 0.558596 1.375319
0.189111 -0.022297 0.374501 -0.549717 -0.044147
0.194631 -0.022273 -0.096843 0.535651 1.325844
0.198701 -0.020094 0.298850 -0.412951 0.119762
0.204291 -0.021844 -0.018167 0.314843 1.055515
0.209654 -0.023988 0.285214 -0.412270 0.048763
0.213447 -0.022894 -0.094227 0.455031 1.177088
0.214692 -0.017105 0.155433 -0.155892 0.433831
0.219979 -0.021318 0.109141 -0.056991 0.508875
0.224702 -0.024722 0.126978 -0.113122 0.374561
0.228452 -0.026485 0.060778 0.022716 0.520609
0.229753 -0.023439 0.004381 0.128693 0.678330
0.231229 -0.021818 0.069161 -0.044899 0.438477
0.232933 -0.021480 0.016169 0.060370 0.568482
0.233667 -0.019686 0.020478 0.030084 0.528379
0.232713 -0.014744 -0.068002 0.215435 0.818449
0.229905 -0.006372 -0.072572 0.204938 0.888826
0.228027 -0.000829 -0.021630 0.075138 0.777133
0.227748 0.000764 0.007525 0.005828 0.703192
0.227941 0.001285 0.002155 0.020081 0.732306
0.227751 0.002760 -0.011644 0.053517 0.799214
0.229197 0.000513 0.083646 -0.163277 0.480444
0.229748 0.000636 -0.055553 0.164834 0.931626
0.229594 0.002332 0.047433 -0.076278 0.629321
0.231869 -0.001443 0.066307 -0.112695 0.539940
0.233765 -0.004089 0.028700 -0.021445 0.636124
0.233715 -0.002204 -0.031000 0.114177 0.841121
0.232685 0.001758 -0.020657 0.085098 0.849086
0.232849 0.002853 0.028659 -0.028537 0.712604
0.234884 -0.000232 0.073023 -0.124971 0.549606
0.236097 -0.001137 -0.012056 0.076741 0.818143
0.236580 -0.000364 0.036038 -0.036339 0.675307
0.239075 -0.004190 0.088575 -0.154074 0.470758
0.239848 -0.003848 -0.049444 0.166705 0.909484
0.239483 -0.001109 0.030846 -0.026483 0.680783
0.241027 -0.002849 0.046336 -0.060366 0.615656
0.242967 -0.005427 0.050731 -0.068925 0.573498
0.243285 -0.004230 -0.034585 0.126257 0.850240
0.243002 -0.001893 0.020200 -0.007062 0.695999
0.244349 -0.003416 0.047065 -0.068563 0.594433
0.245748 -0.005006 0.023007 -0.012045 0.652717
0.245897 -0.003755 -0.015452 0.073649 0.781594
0.245198 -0.000733 -0.019532 0.077975 0.821446
0.244781 0.001485 -0.001436 0.033990 0.790014
0.245476 0.001129 0.036076 -0.050638 0.674738
0.246125 0.001039 -0.003493 0.044769 0.807889
0.245078 0.004929 -0.048737 0.149030 0.995036
0.245125 0.006253 0.050670 -0.079331 0.712309
0.249388 -0.001864 0.162269 -0.324695 0.293565
0.249474 0.000257 -0.156830 0.420670 1.288274
0.251829 -0.003223 0.273060 -0.581272 -0.036377
0.257498 -0.013797 0.011579 0.041701 0.657544
0.256976 -0.010113 -0.037617 0.141799 0.823737
0.255915 -0.005760 -0.015598 0.077651 0.780943
0.254867 -0.001824 -0.036818 0.119304 0.878853
0.254547 0.000165 0.020566 -0.017514 0.718541
0.255928 -0.001775 0.048422 -0.078987 0.614401
0.257251 -0.003441 0.017897 -0.005717 0.696187
0.258163 -0.004148 0.027650 -0.029433 0.654498
0.259080 -0.004905 0.018255 -0.008866 0.672033
0.259108 -0.003689 -0.016743 0.068847 0.789189
0.257999 -0.000024 -0.038721 0.114478 0.891166
0.257981 0.000935 0.037559 -0.063842 0.663812
0.261077 -0.005188 0.117047 -0.241030 0.352941
0.268077 -0.020010 0.232832 -0.499361 -0.152394
0.276341 -0.037402 0.180890 -0.375460 -0.221377
0.276502 -0.036371 -0.171608 0.416112 0.804939
0.270538 -0.022845 -0.127048 0.264967 0.731875
0.263604 -0.008612 -0.219672 0.446938 1.089591
0.258279 0.000703 -0.047396 0.026569 0.653537
0.255192 0.004535 -0.106834 0.163852 0.882609
0.250803 0.011307 -0.112728 0.175939 0.980579
0.252816 0.003343 0.212393 -0.565329 -0.081188
0.255104 -0.004284 -0.096713 0.172095 0.811111
0.251640 0.001448 -0.076664 0.116412 0.799452
0.253904 -0.006266 0.189052 -0.495022 -0.107221
0.254431 -0.009415 -0.161358 0.325428 0.938087
0.249140 0.000454 -0.103603 0.172116 0.846234
0.246171 0.004494 -0.045137 0.032612 0.706714
0.245612 0.003000 0.016968 -0.105638 0.503205
0.245054 0.001818 -0.044579 0.044197 0.699058
0.242105 0.006299 -0.102767 0.178859 0.932923
0.244211 -0.000936 0.207097 -0.532090 -0.090718
0.246307 -0.007390 -0.101046 0.197848 0.805736
0.241897 0.001074 -0.119551 0.226668 0.933222
0.237057 0.010102 -0.122629 0.226501 1.037748
0.234459 0.013824 -0.007757 -0.035955 0.744909
0.234388 0.012149 0.004225 -0.047953 0.724617
0.235952 0.007306 0.073855 -0.193115 0.481820
0.238420 0.001059 0.049741 -0.121496 0.516097
0.239063 -0.000522 -0.017309 0.039890 0.722585
0.236720 0.004867 -0.099638 0.227985 1.033919
0.234198 0.010501 -0.026844 0.057216 0.883521
0.235199 0.008161 0.076594 -0.171441 0.556708
0.240091 -0.002572 0.167907 -0.364636 0.181579
0.242326 -0.006465 -0.055255 0.161822 0.849672
0.245803 -0.013373 0.228175 -0.499278 -0.116866
0.254102 -0.031153 0.187288 -0.394734 -0.207028
0.255958 -0.034079 -0.093433 0.238929 0.581084
0.251432 -0.023524 -0.132960 0.290153 0.734902
0.243502 -0.006567 -0.263487 0.557334 1.211312
0.236517 0.006877 -0.086655 0.123645 0.837692
0.235697 0.005745 0.045198 -0.176268 0.420268
0.236965 0.000250 0.018404 -0.100628 0.465844
0.235466 0.001521 -0.092966 0.160758 0.838273
0.231113 0.009316 -0.124710 0.229538 1.018743
0.232913 0.002792 0.213621 -0.546112 -0.076395
0.234605 -0.002606 -0.127655 0.263760 0.939398
0.230822 0.004612 -0.061900 0.100869 0.808663
0.229434 0.006148 -0.007700 -0.022067 0.665124
0.229226 0.005198 -0.002698 -0.025559 0.656764
0.229390 0.003698 0.010866 -0.049392 0.612951
0.229495 0.002628 -0.005503 -0.004921 0.667028
0.229646 0.001657 0.013021 -0.043320 0.606906
0.228922 0.002902 -0.049026 0.103789 0.825718
0.228459 0.003575 0.025576 -0.067589 0.604437
0.228783 0.002647 -0.009201 0.019755 0.719463
0.228734 0.002760 0.006678 -0.013617 0.679877
0.229025 0.002254 0.007871 -0.011788 0.681522
0.229295 0.001968 0.005672 -0.002714 0.695271
0.230341 0.000036 0.046517 -0.092980 0.552313
0.231140 -0.001109 -0.006341 0.033726 0.715737
0.230079 0.002082 -0.046626 0.125155 0.877418
0.230329 0.002148 0.058739 -0.118412 0.550687
0.236315 -0.010801 0.240153 -0.525878 -0.129552
0.238101 -0.013425 -0.149354 0.381405 1.023280
0.234052 -0.003203 -0.053695 0.135187 0.817243
0.231422 0.003158 -0.077852 0.183416 0.952795
0.230394 0.005583 0.026030 -0.058270 0.661626
0.231737 0.002744 0.041145 -0.083912 0.600964
0.233816 -0.001452 0.062839 -0.126099 0.498315
0.233984 -0.000950 -0.054040 0.147476 0.878070
0.232644 0.002921 -0.013222 0.048226 0.791985
0.232130 0.004850 -0.012472 0.048572 0.820705
0.233791 0.001874 0.095205 -0.194529 0.459815
0.237264 -0.004877 0.078637 -0.145039 0.452749
0.238115 -0.005294 -0.035659 0.120341 0.808809
0.237210 -0.001868 -0.009781 0.052597 0.754728
0.236174 0.001668 -0.041950 0.123927 0.892245
0.240442 -0.007169 0.254447 -0.557978 -0.108359
0.243629 -0.012891 -0.093745 0.259245 0.899185
0.240960 -0.005478 -0.040046 0.114941 0.785158
0.244607 -0.013184 0.221573 -0.493258 -0.121006
0.246271 -0.016012 -0.137021 0.339586 0.937122
0.242760 -0.007574 -0.039054 0.087542 0.692062
0.239374 -0.000053 -0.130075 0.287187 1.031948
0.235125 0.008977 -0.082725 0.167793 0.985698
0.234052 0.010553 0.028632 -0.085115 0.675099
0.236760 0.003844 0.106653 -0.249368 0.383434
0.238452 0.000162 -0.021535 0.060173 0.771092
0.237560 0.002612 -0.023081 0.062791 0.805667
0.237151 0.003951 0.002531 0.005231 0.748306
0.238579 0.001194 0.068663 -0.141572 0.520416
0.241534 -0.004760 0.079186 -0.157073 0.432354
0.242242 -0.005263 -0.043354 0.127829 0.813711
0.241566 -0.002785 0.009306 -0.001616 0.664192
0.241108 -0.000951 -0.032072 0.092325 0.812660
0.239682 0.002995 -0.039293 0.105578 0.877593
0.239053 0.005021 0.007628 -0.002327 0.761420
0.240601 0.002180 0.069638 -0.138390 0.548897
0.243471 -0.003345 0.073969 -0.138942 0.487882
0.244275 -0.003818 -0.033406 0.111687 0.824110
0.243909 -0.001742 0.014921 -0.005832 0.687879
0.243677 -0.000056 -0.026413 0.089125 0.837126
0.242034 0.004805 -0.055722 0.153967 0.981340
0.241569 0.006856 0.032109 -0.048174 0.742352
0.244196 0.002030 0.099104 -0.192058 0.498308
0.248954 -0.007230 0.138859 -0.271674 0.286579
0.247998 -0.002894 -0.185588 0.478846 1.298796
0.247139 0.000605 0.141366 -0.292398 0.346263
0.250628 -0.005760 0.033610 -0.030781 0.632479
0.256183 -0.016760 0.243589 -0.514590 -0.136151
0.258600 -0.020191 -0.121360 0.330460 0.923141
0.252471 -0.004690 -0.185204 0.446043 1.211864
0.248660 0.004349 -0.006175 0.013761 0.771067
0.245804 0.011020 -0.136268 0.316863 1.240902
0.244689 0.013599 0.079696 -0.180393 0.634688
0.249470 0.003160 0.159268 -0.341385 0.312205
0.250104 0.003177 -0.126488 0.332761 1.208332
0.248254 0.008836 0.033256 -0.043371 0.796550
0.248078 0.010813 -0.041810 0.140043 1.075564
0.250448 0.007166 0.159699 -0.316721 0.433062
0.253427 0.002843 -0.010045 0.093966 0.950179
0.254899 0.002262 0.083345 -0.120125 0.660924
0.258697 -0.003425 0.106582 -0.164734 0.539701
0.261912 -0.007463 0.054444 -0.039728 0.664022
0.263512 -0.007783 0.025636 0.022808 0.741617
0.264966 -0.007994 0.046995 -0.032643 0.659173
0.265906 -0.007211 0.000145 0.070480 0.803433
0.266366 -0.005611 0.022732 0.010689 0.737226
0.268547 -0.008204 0.086158 -0.138744 0.499761
0.270189 -0.009568 -0.003722 0.067385 0.759860
0.271453 -0.010345 0.066662 -0.103984 0.509620
0.272973 -0.011912 0.009586 0.023518 0.657857
0.273735 -0.012053 0.028403 -0.029850 0.573049
0.273885 -0.011129 -0.020743 0.074764 0.716057
0.273819 -0.010147 0.017264 -0.024089 0.582984
0.274215 -0.010561 0.002600 0.002933 0.606171
0.274170 -0.010263 -0.004853 0.011894 0.612250
0.273394 -0.008612 -0.033854 0.070145 0.701360
0.273247 -0.008788 0.026264 -0.076944 0.489649
0.272629 -0.008066 -0.056875 0.110561 0.745812
0.272278 -0.008312 0.038959 -0.119658 0.419903
0.272944 -0.011040 -0.005436 -0.018732 0.518490
0.276195 -0.019951 0.167515 -0.422890 -0.137975
0.278131 -0.025779 -0.069758 0.122637 0.505419
0.272400 -0.014643 -0.216483 0.432061 0.999996
0.265482 -0.002043 -0.130007 0.203638 0.845262
0.261278 0.003595 -0.080510 0.081101 0.745050
0.257348 0.008493 -0.115937 0.163597 0.914072
0.253335 0.013617 -0.084918 0.094625 0.890835
0.252433 0.011825 0.039411 -0.180709 0.507937
0.253648 0.005855 0.021519 -0.119823 0.533866
0.254193 0.002046 0.005870 -0.072049 0.561204
0.254107 0.000044 -0.010062 -0.029097 0.599237
0.252806 0.001013 -0.054816 0.076301 0.755035
0.255643 -0.007578 0.195928 -0.499480 -0.112856
0.255878 -0.009615 -0.182748 0.384781 1.020140
0.250727 0.000268 -0.075444 0.115142 0.781851
0.247492 0.005296 -0.086341 0.136946 0.869680
0.244616 0.009433 -0.057667 0.071611 0.836724
0.242000 0.013141 -0.073116 0.113957 0.946553
0.240937 0.013557 0.019621 -0.090203 0.690154
0.243311 0.006642 0.098993 -0.254628 0.398739
0.249867 -0.009137 0.228639 -0.533530 -0.133022
0.251929 -0.013728 -0.124183 0.291480 0.896498
0.248738 -0.006677 -0.035848 0.065630 0.667848
0.246874 -0.003215 -0.057344 0.107602 0.759098
0.244172 0.001899 -0.077795 0.148502 0.870537
0.241249 0.007320 -0.068479 0.124002 0.904097
0.240148 0.008538 0.013124 -0.060312 0.677947
0.242193 0.002858 0.088989 -0.222498 0.398231
0.246299 -0.007003 0.116419 -0.271807 0.219582
0.246734 -0.007952 -0.093910 0.217262 0.867338
0.243725 -0.001315 -0.056833 0.117304 0.805877
0.241262 0.003706 -0.066385 0.134507 0.887021
0.238903 0.008365 -0.051687 0.099889 0.900666
0.238468 0.008675 0.029630 -0.081795 0.668251
0.242012 0.000223 0.147327 -0.338855 0.230001
0.243748 -0.003363 -0.059668 0.151952 0.857364
0.241200 0.002907 -0.067831 0.162646 0.942306
0.240220 0.005333 0.018458 -0.038041 0.706414
0.241923 0.001748 0.066604 -0.140507 0.531021
0.244955 -0.004523 0.085084 -0.173801 0.415338
0.246124 -0.006194 -0.026223 0.086273 0.750254
0.250088 -0.014489 0.223698 -0.494518 -0.125398
0.251633 -0.016917 -0.145103 0.360591 0.962074
0.246715 -0.005172 -0.101211 0.230817 0.918179
0.244658 -0.000831 -0.002060 -0.009547 0.643858
0.243305 0.001746 -0.065416 0.136882 0.872444
0.241437 0.005420 -0.028203 0.048774 0.800839
0.241905 0.003765 0.051346 -0.129328 0.544469
0.244194 -0.001724 0.063166 -0.146012 0.462322
0.243749 -0.000559 -0.084896 0.199669 0.944005
0.241096 0.005535 -0.048001 0.107534 0.895300
0.240596 0.006582 0.022725 -0.052747 0.698500
0.243532 -0.000010 0.123881 -0.275006 0.325543
0.245995 -0.004952 -0.000186 0.022715 0.677766
0.250506 -0.014562 0.225124 -0.497814 -0.129500
0.251012 -0.014590 -0.198332 0.482682 1.129565
0.244113 0.001620 -0.147160 0.333089 1.124129
0.240701 0.008959 -0.024027 0.039482 0.836338
0.242336 0.004697 0.105405 -0.249406 0.401817
0.249173 -0.010972 0.236296 -0.533136 -0.136237
0.250980 -0.014284 -0.144515 0.354363 0.982757
0.247492 -0.005984 -0.030459 0.066349 0.692469
0.244878 -0.000249 -0.100131 0.219378 0.956418
0.242531 0.004506 -0.017619 0.022084 0.751632
0.241433 0.006386 -0.037208 0.071609 0.846941
0.239880 0.009477 -0.040524 0.083396 0.907138
0.240367 0.008063 0.064572 -0.151104 0.582956
0.244079 -0.000263 0.120983 -0.265231 0.339841
0.246831 -0.005765 0.017117 -0.014476 0.621013
0.246913 -0.005011 -0.012942 0.051378 0.716151
0.245682 -0.001421 -0.048526 0.127763 0.857546
0.249464 -0.009650 0.236749 -0.531583 -0.112705
0.252903 -0.016606 -0.063567 0.172489 0.732602
0.250450 -0.010355 -0.059246 0.141765 0.748576
0.248598 -0.006176 -0.033564 0.069003 0.689755
0.247076 -0.003153 -0.042536 0.082566 0.738266
0.244383 0.002334 -0.092087 0.191314 0.943632
0.246997 -0.004676 0.221808 -0.532990 -0.096113
0.255156 -0.023878 0.186671 -0.432353 -0.199672
0.256005 -0.025869 -0.142985 0.321768 0.761212
0.248255 -0.009064 -0.244540 0.519059 1.153889
0.243180 0.000182 -0.010250 -0.046990 0.534032
0.240922 0.002651 -0.102378 0.167920 0.854832
0.237099 0.008652 -0.088950 0.133838 0.882402
0.235679 0.009122 0.017592 -0.106874 0.569513
0.236634 0.004569 0.030179 -0.121459 0.505577
0.237362 0.001049 0.006406 -0.056146 0.559794
0.235561 0.003659 -0.096123 0.183786 0.916587
0.233502 0.006803 -0.007245 -0.023063 0.680352
0.233090 0.006337 -0.013277 -0.000625 0.714086
0.233450 0.004401 0.031134 -0.095225 0.568875
0.234763 0.000639 0.034600 -0.093641 0.532660
0.235469 -0.001407 0.000891 -0.010272 0.625889
0.234088 0.001471 -0.069785 0.152454 0.879653
0.230851 0.008503 -0.092091 0.199904 1.025223
0.231537 0.006395 0.125652 -0.298728 0.336856
0.234892 -0.001254 0.042560 -0.088182 0.543630
0.234131 0.001003 -0.080223 0.197488 0.956444
0.232904 0.004180 0.018447 -0.034789 0.685844
0.235407 -0.001150 0.106524 -0.229992 0.360947
0.237029 -0.004019 -0.024870 0.081577 0.756187
0.235781 -0.000293 -0.037600 0.105161 0.829522
0.235013 0.002135 -0.000965 0.017904 0.742106
0.235895 0.000775 0.044942 -0.084701 0.589784
0.237629 -0.002337 0.041810 -0.071703 0.574288
0.237142 -0.000161 -0.065777 0.177448 0.936291
0.235592 0.004293 -0.012019 0.047955 0.818738
0.236337 0.003442 0.049050 -0.088755 0.629002
0.238999 -0.001546 0.084066 -0.160653 0.477482
0.242295 -0.007658 0.080871 -0.146351 0.425964
0.244679 -0.011510 0.038533 -0.048410 0.509999
0.244557 -0.009737 -0.044353 0.134844 0.771226
0.242829 -0.004728 -0.042200 0.116881 0.797580
0.240535 0.001176 -0.072510 0.178627 0.944383
0.237954 0.007460 -0.056743 0.137397 0.966563
0.238021 0.007589 0.059697 -0.127237 0.620216
0.242428 -0.001871 0.160478 -0.344549 0.225177
0.245167 -0.006817 -0.022756 0.090132 0.759628
0.244146 -0.003139 -0.028335 0.094437 0.803712
0.243187 0.000117 -0.019744 0.069376 0.807236
0.247772 -0.009560 0.248263 -0.546495 -0.117339
0.250417 -0.014197 -0.114645 0.301808 0.939010
0.247657 -0.006867 -0.023825 0.069396 0.707209
0.246905 -0.004718 -0.013863 0.038910 0.685513
0.246219 -0.002950 -0.020475 0.049662 0.717699
0.245415 -0.001071 -0.019756 0.044734 0.731673
0.244544 0.000871 -0.023805 0.052643 0.765811
0.245302 -0.000979 0.061430 -0.142760 0.478248
0.245319 -0.000901 -0.060121 0.142666 0.869086
0.242696 0.005185 -0.071154 0.162554 0.966221
0.241182 0.008574 -0.004849 0.009745 0.809877
0.243990 0.002207 0.144850 -0.324691 0.290217
0.246872 -0.003667 -0.000057 0.024931 0.703199
0.245626 0.000143 -0.062107 0.164342 0.932349
0.243740 0.005207 -0.032438 0.090915 0.896866
0.243624 0.006148 0.026450 -0.041807 0.736535
0.246556 0.000331 0.119935 -0.247337 0.395720
0.248901 -0.003619 -0.002160 0.044986 0.752877
0.249719 -0.003988 0.042916 -0.062049 0.601018
0.247124 0.003508 -0.172062 0.431438 1.310092
0.244849 0.009793 0.057350 -0.108343 0.704885
0.250660 -0.002348 0.232818 -0.495718 0.064439
0.253281 -0.006246 -0.100477 0.289062 1.057488
0.256349 -0.011420 0.252696 -0.537196 -0.091683
0.260269 -0.018265 -0.055441 0.183435 0.772985
0.257268 -0.009600 -0.094671 0.250601 0.942687
0.254035 -0.001246 -0.067256 0.169890 0.927111
0.252513 0.002691 -0.009117 0.029700 0.787312
0.252362 0.003435 0.001520 0.007961 0.771612
0.253752 0.000769 0.067792 -0.139743 0.543761
0.260054 -0.012931 0.246918 -0.542289 -0.133961
0.262670 -0.017524 -0.114724 0.299858 0.910011
0.264214 -0.020278 0.190881 -0.427873 -0.109735
0.266014 -0.023834 -0.099773 0.239946 0.724474
0.259279 -0.008537 -0.236843 0.523990 1.209277
0.252744 0.004995 -0.090732 0.160390 0.920919
0.249057 0.011506 -0.093723 0.166386 1.009272
0.246145 0.016303 -0.052087 0.075669 0.959046
0.250413 0.004913 0.264589 -0.637425 -0.086092
0.255465 -0.007061 -0.010726 0.027013 0.646308
0.254731 -0.005401 -0.025952 0.055916 0.699244
0.252679 -0.000943 -0.076607 0.166313 0.894190
0.250058 0.004535 -0.054629 0.109461 0.883210
0.247577 0.009600 -0.069443 0.144326 0.993602
0.245072 0.014805 -0.055932 0.117315 1.030000
0.246017 0.012332 0.102659 -0.236465 0.540116
0.251366 0.000489 0.164850 -0.356353 0.256753
0.254166 -0.004611 -0.024092 0.094046 0.811523
0.253103 -0.000767 -0.029092 0.098842 0.860394
0.252597 0.001588 0.003594 0.020480 0.784390
0.253443 0.000824 0.038617 -0.057771 0.673089
0.254676 -0.000664 0.023105 -0.017493 0.714515
0.254676 0.000805 -0.022947 0.089750 0.878597
0.259610 -0.009164 0.268773 -0.580747 -0.112962
0.262483 -0.013765 -0.123567 0.336857 1.023841
0.260031 -0.006593 0.000332 0.027491 0.693227
0.259255 -0.003787 -0.039054 0.112190 0.835437
0.258691 -0.001753 0.010621 -0.008414 0.694552
0.258582 -0.000851 -0.015987 0.052878 0.788772
0.258417 0.000132 0.007622 -0.002782 0.726094
0.259125 -0.000877 0.027762 -0.047224 0.655900
0.264589 -0.012761 0.244897 -0.542358 -0.129245
0.266870 -0.016765 -0.129460 0.329102 0.957026
0.261475 -0.003700 -0.140502 0.326764 1.085319
0.258285 0.003400 -0.019586 0.033719 0.787777
0.258887 0.001609 0.049441 -0.121435 0.559633
0.261099 -0.003612 0.061240 -0.140352 0.475521
0.266695 -0.016389 0.218237 -0.496066 -0.139708
0.267921 -0.018683 -0.155538 0.368773 0.956667
0.261926 -0.005128 -0.144524 0.312444 1.022629
0.258799 0.000870 -0.012451 -0.006856 0.669841
0.259036 -0.001048 0.024199 -0.088316 0.536844
0.259060 -0.002303 -0.022792 0.023762 0.675947
0.256373 0.002714 -0.111362 0.225254 0.998822
0.251947 0.011514 -0.110079 0.216623 1.091574
0.250904 0.012446 0.057277 -0.164467 0.607069
0.253968 0.004500 0.095972 -0.233456 0.434131
0.258165 -0.005324 0.114025 -0.259320 0.290112
0.260232 -0.009748 -0.010110 0.033099 0.634858
0.260082 -0.009189 0.002506 -0.004515 0.580981
0.259083 -0.006964 -0.052301 0.114575 0.760714
0.257290 -0.003282 -0.037452 0.070862 0.738745
0.255675 -0.000275 -0.043361 0.079928 0.783807
0.259164 -0.009196 0.217053 -0.519338 -0.115554
0.260512 -0.012656 -0.148277 0.333694 0.960813
0.256255 -0.003702 -0.065076 0.118773 0.775355
0.252928 0.002567 -0.101265 0.194842 0.944466
0.249268 0.009342 -0.081919 0.145963 0.962562
0.245468 0.016447 -0.108160 0.209790 1.135371
0.248685 0.007539 0.267882 -0.644991 -0.062456
0.254336 -0.005763 0.015892 -0.031348 0.587076
0.253359 -0.003336 -0.064505 0.150646 0.857350
0.250558 0.003024 -0.075687 0.168344 0.951933
0.249026 0.006223 -0.001239 -0.005332 0.762505
0.246781 0.011229 -0.110712 0.252994 1.164514
0.244707 0.015895 0.006516 -0.014978 0.885073
0.247033 0.010859 0.109545 -0.234742 0.545483
0.250419 0.004226 0.060114 -0.100102 0.666532
0.252087 0.002130 0.023444 -0.006440 0.777795
0.254074 -0.000477 0.075778 -0.122745 0.593634
0.256674 -0.004248 0.054378 -0.067358 0.628272
0.257138 -0.002972 -0.030877 0.128679 0.906818
0.257663 -0.002039 0.056761 -0.078941 0.637406
0.260704 -0.006906 0.095267 -0.164193 0.464310
0.262049 -0.007711 -0.027596 0.119821 0.837583
0.260954 -0.003167 -0.027222 0.108403 0.869935
0.261828 -0.003499 0.070579 -0.121830 0.552837
0.264269 -0.007401 0.051585 -0.074719 0.570848
0.264486 -0.006158 -0.040394 0.134211 0.863339
0.263016 -0.001339 -0.033260 0.108075 0.880674
0.262991 -0.000132 0.031769 -0.045357 0.688865
0.265628 -0.005029 0.099925 -0.198311 0.424285
0.268118 -0.009345 0.024906 -0.020851 0.614140
0.269043 -0.010135 0.021392 -0.018810 0.600161
0.268885 -0.008681 -0.029139 0.090234 0.756973
0.267697 -0.005236 -0.030346 0.082831 0.780008
0.267789 -0.005085 0.034707 -0.073079 0.565533
0.268365 -0.006120 -0.005782 0.019805 0.677159
0.272651 -0.015862 0.219460 -0.501488 -0.131112
0.274438 -0.019541 -0.128757 0.305466 0.877748
0.268610 -0.006382 -0.162807 0.354393 1.066243
0.265576 -0.000673 0.010336 -0.061999 0.582403
0.265744 -0.002507 -0.001854 -0.030504 0.604120
0.264729 -0.001540 -0.048740 0.077549 0.760819
0.262884 0.001247 -0.043596 0.062552 0.772202
0.261524 0.002854 -0.024504 0.018723 0.733695
0.260499 0.003768 -0.026718 0.027067 0.759652
0.260507 0.002437 0.026929 -0.092207 0.585658
0.263051 -0.004475 0.100175 -0.252518 0.288449
0.265964 -0.011850 0.045787 -0.119545 0.378999
0.265281 -0.010893 -0.079479 0.163609 0.765294
0.262846 -0.006396 -0.042504 0.063536 0.672381
0.261359 -0.004493 -0.031974 0.032420 0.645888
0.259025 -0.000843 -0.084603 0.149165 0.841211
0.254979 0.006519 -0.117700 0.219417 1.015914
0.251631 0.012088 -0.050062 0.062325 0.882908
0.251473 0.010510 0.041866 -0.138728 0.603949
0.257117 -0.003851 0.239958 -0.576035 -0.117046
0.258716 -0.007889 -0.158495 0.360216 1.055740
0.254772 0.000520 -0.039345 0.066018 0.769051
0.253487 0.002468 -0.024987 0.032241 0.747782
0.252508 0.003754 -0.023991 0.032300 0.766776
0.251186 0.005948 -0.042052 0.077208 0.858203
0.255208 -0.004076 0.242323 -0.571275 -0.105534
0.259482 -0.013892 -0.027452 0.069518 0.620713
0.257191 -0.008646 -0.086997 0.192069 0.832414
0.253026 0.000304 -0.121333 0.256307 1.009007
0.249408 0.007485 -0.059910 0.106287 0.899645
0.245537 0.015204 -0.133541 0.278792 1.214057
0.244025 0.017543 0.057228 -0.155280 0.689292
0.247614 0.008832 0.122182 -0.280273 0.437435
0.255345 -0.008480 0.264206 -0.584486 -0.133422
0.259111 -0.015698 -0.074527 0.210985 0.821624
0.256574 -0.008747 -0.052542 0.138933 0.792902
0.255321 -0.005414 -0.010370 0.029928 0.677409
0.254761 -0.003980 -0.017616 0.041890 0.706517
0.253724 -0.001620 -0.034221 0.076093 0.777892
0.251245 0.003915 -0.089666 0.200012 1.004414
0.249642 0.007237 0.009116 -0.030009 0.743396
0.247227 0.012649 -0.129483 0.297061 1.236598
0.245794 0.015845 0.057145 -0.130613 0.732150
0.249703 0.007319 0.138167 -0.295033 0.427983
0.251047 0.005632 -0.070157 0.203322 1.088024
0.251295 0.006642 0.081994 -0.147655 0.640687
0.256659 -0.003782 0.186060 -0.372479 0.227353
0.261098 -0.011417 0.036609 -0.015789 0.619428
0.261288 -0.009266 -0.026934 0.121805 0.821959
0.261171 -0.006871 0.020862 0.000168 0.679030
0.262566 -0.008253 0.048802 -0.068583 0.564065
0.263261 -0.008145 -0.013827 0.072023 0.751349
0.262917 -0.005933 -0.003501 0.039439 0.727046
0.262058 -0.002812 -0.039381 0.116182 0.862486
0.260973 0.000569 -0.015048 0.054392 0.818666
0.265819 -0.009853 0.256603 -0.568789 -0.117247
0.269791 -0.017661 -0.056713 0.166489 0.751355
0.267683 -0.011826 -0.048854 0.126963 0.749819
0.266027 -0.007744 -0.034108 0.078584 0.721474
0.264400 -0.004184 -0.047239 0.099863 0.784822
0.267753 -0.012440 0.214067 -0.505812 -0.119590
0.269238 -0.016026 -0.138440 0.314291 0.910839
0.264614 -0.006134 -0.093146 0.184082 0.842189
0.266530 -0.012062 0.188011 -0.472462 -0.110621
0.268534 -0.017943 -0.086714 0.168225 0.665490
0.263591 -0.008270 -0.160390 0.315308 0.947195
0.259173 -0.000702 -0.061019 0.068040 0.703755
0.256330 0.002900 -0.081145 0.112145 0.804104
0.252441 0.008843 -0.113295 0.185175 0.971269
0.248116 0.015781 -0.103139 0.163428 1.032034
0.245725 0.018467 -0.016740 -0.025928 0.829124
0.247091 0.013120 0.084793 -0.239473 0.494227
0.248762 0.008018 -0.000771 -0.019753 0.751120
0.246756 0.011986 -0.099282 0.215667 1.116442
0.245294 0.014852 0.025713 -0.067832 0.790516
0.248478 0.007526 0.133281 -0.296692 0.410504
0.249184 0.006801 -0.097152 0.252611 1.145545
0.247523 0.011671 0.013610 -0.004519 0.878303
0.248885 0.009849 0.054393 -0.085828 0.762017
0.256089 -0.004905 0.305233 -0.646934 -0.113696
0.262208 -0.016137 0.002027 0.072984 0.686588
0.262974 -0.015134 0.036125 -0.021332 0.555501
0.262863 -0.012617 -0.041453 0.145328 0.797720
0.266557 -0.019506 0.225290 -0.482307 -0.128812
0.268599 -0.022554 -0.121856 0.318043 0.877013
0.263444 -0.009874 -0.136158 0.318441 0.999205
0.260547 -0.003488 -0.009280 0.006527 0.656012
0.260149 -0.003205 -0.010608 0.007653 0.658377
0.258694 -0.000553 -0.062035 0.123860 0.844003
0.256340 0.004006 -0.055788 0.105242 0.872777
0.255035 0.006075 -0.009671 0.000109 0.761002
0.256229 0.002568 0.069177 -0.173718 0.489119
0.259387 -0.005037 0.088839 -0.207563 0.357467
0.261437 -0.009723 0.014018 -0.030167 0.542234
0.260712 -0.008077 -0.050069 0.110814 0.744954
0.259242 -0.005100 -0.023595 0.039607 0.676050
0.258761 -0.004686 -0.000556 -0.018000 0.597616
0.257933 -0.003582 -0.040713 0.072128 0.729752
0.255467 0.001132 -0.082556 0.163261 0.902950
0.252391 0.007030 -0.071405 0.133234 0.933939
0.250117 0.011041 -0.042458 0.068994 0.904067
0.247627 0.015793 -0.082017 0.168171 1.100662
0.248034 0.014153 0.101794 -0.244703 0.545225
0.255660 -0.003316 0.279235 -0.626843 -0.120228
0.260131 -0.012332 -0.054269 0.163133 0.806022
0.259107 -0.008809 0.002773 0.015774 0.637760
0.258384 -0.006395 -0.038867 0.104149 0.778538
0.258144 -0.005455 0.026620 -0.054714 0.568067
0.259063 -0.007321 0.019372 -0.039163 0.563404
0.263592 -0.017623 0.206614 -0.471884 -0.137039
0.264453 -0.019225 -0.162226 0.379488 0.950897
0.256771 -0.001982 -0.222025 0.484572 1.241336
0.251317 0.009002 -0.051517 0.072622 0.862159
0.254979 -0.001190 0.233833 -0.575140 -0.100474
0.258811 -0.010866 -0.041069 0.080184 0.650243
0.256660 -0.006732 -0.066442 0.126657 0.750571
0.253184 0.000008 -0.107359 0.210502 0.932059
0.250094 0.005471 -0.047505 0.065771 0.805482
0.247971 0.008680 -0.058639 0.094909 0.888428
0.251527 -0.001061 0.235603 -0.574485 -0.098521
0.253503 -0.006260 -0.135365 0.301202 0.991871
0.249035 0.003222 -0.088416 0.176542 0.937145
0.246605 0.007643 -0.033380 0.047205 0.821779
0.247103 0.005419 0.058009 -0.155975 0.526665
0.247629 0.003605 -0.031307 0.061860 0.811192
0.245648 0.007798 -0.067703 0.147409 0.978507
0.245182 0.008543 0.043977 -0.106436 0.655229
0.247738 0.002735 0.083821 -0.184055 0.491431
0.247962 0.002860 -0.072058 0.185189 0.996866
0.251728 -0.005188 0.259336 -0.578504 -0.095518
0.255636 -0.012889 -0.062630 0.181259 0.812900
0.254897 -0.010100 0.025297 -0.038189 0.536725
0.254908 -0.009431 -0.024599 0.070260 0.684472
0.252402 -0.003315 -0.100547 0.234409 0.963376
0.250023 0.002006 -0.018818 0.035509 0.761180
0.247342 0.007912 -0.115007 0.257842 1.121645
0.245203 0.012460 0.007554 -0.025560 0.814760
0.247057 0.008135 0.084972 -0.189255 0.555161
0.249291 0.003619 0.027042 -0.039521 0.718900
0.247983 0.007691 -0.092069 0.240028 1.139189
0.246999 0.010994 0.042296 -0.069878 0.781572
0.248982 0.007825 0.056887 -0.088953 0.733310
0.249409 0.008794 -0.035189 0.134501 1.055127
0.249310 0.011210 0.029948 -0.011179 0.903275
0.250071 0.012017 0.008169 0.050819 1.010923
0.252693 0.008946 0.122618 -0.201443 0.650907
0.261871 -0.008590 0.335860 -0.672214 -0.124025
0.269906 -0.022473 0.067175 -0.033719 0.521643
0.270724 -0.019850 -0.026015 0.162635 0.798473
0.270827 -0.016476 0.030881 0.008880 0.613523
0.270614 -0.013052 -0.041396 0.160886 0.843705
0.268357 -0.005592 -0.071522 0.212838 0.985581
0.267155 -0.001192 0.011041 0.010897 0.767095
0.267472 -0.000470 0.004824 0.025114 0.796295
0.272962 -0.011703 0.268948 -0.580488 -0.121698
0.282843 -0.032509 0.225695 -0.465546 -0.233498
0.284918 -0.035181 -0.120685 0.320345 0.743901
0.281530 -0.026614 -0.049170 0.112588 0.532624
0.276326 -0.015198 -0.210724 0.455681 1.068539
0.275106 -0.014313 0.148364 -0.399287 -0.059311
0.275363 -0.017010 -0.134414 0.254704 0.773497
0.270641 -0.008861 -0.102019 0.155734 0.719199
0.271386 -0.014063 0.138523 -0.408917 -0.115392
0.273663 -0.022703 -0.023935 -0.030149 0.272960
0.269168 -0.016092 -0.200325 0.356584 0.841194
0.266841 -0.015572 0.082887 -0.320971 -0.085783
0.265796 -0.018277 -0.134302 0.178164 0.545301
0.259573 -0.009664 -0.176856 0.253166 0.722325
0.252637 -0.000249 -0.170209 0.219906 0.774356
0.244533 0.011350 -0.235002 0.360340 1.077474
0.237562 0.020032 -0.114107 0.079491 0.830313
0.235252 0.018323 -0.001769 -0.161905 0.497311
0.233861 0.015417 -0.067459 0.013599 0.723309
0.231917 0.014515 -0.029818 -0.057909 0.629237
0.229650 0.015031 -0.083357 0.081870 0.840873
0.227358 0.016120 -0.031425 -0.025663 0.723019
0.230869 0.004430 0.206374 -0.553760 -0.097540
0.238379 -0.015345 0.169690 -0.440488 -0.184378
0.237829 -0.015834 -0.195850 0.404068 0.916181
0.229847 0.000017 -0.203585 0.391781 1.062709
0.222450 0.013609 -0.166679 0.291929 1.096070
0.220334 0.014766 0.060040 -0.226574 0.429942
0.221720 0.008569 0.009597 -0.086451 0.566331
0.224076 0.000827 0.108028 -0.299232 0.191759
0.222204 0.003503 -0.200589 0.423432 1.176897
0.216549 0.014646 -0.082802 0.139927 0.961149
0.217124 0.011424 0.110948 -0.295571 0.345689
0.218791 0.006529 -0.026994 0.045117 0.770158
0.220914 0.001039 0.132721 -0.315641 0.218826
0.220900 0.001070 -0.132501 0.308415 1.059984
0.222691 -0.003227 0.220891 -0.512595 -0.075620
0.225618 -0.009607 -0.073342 0.182546 0.778354
0.221988 -0.001020 -0.108236 0.247604 0.953561
0.224038 -0.006083 0.209683 -0.491357 -0.092893
0.226519 -0.011692 -0.084453 0.200071 0.763956
0.222613 -0.002849 -0.110943 0.243235 0.911412
0.218515 0.005836 -0.094206 0.193396 0.945872
0.218211 0.005516 0.078400 -0.203875 0.408809
0.219726 0.001435 -0.002248 -0.003782 0.644843
0.223918 -0.008547 0.211295 -0.490460 -0.120153
0.225992 -0.013077 -0.106351 0.252599 0.813928
0.222510 -0.005212 -0.068067 0.143754 0.749708
0.218903 0.002376 -0.112312 0.235867 0.953888
0.216323 0.007234 -0.017105 0.011126 0.715784
0.217791 0.002860 0.090184 -0.227338 0.343541
0.218894 -0.000145 -0.034475 0.072285 0.726104
0.218825 -0.000322 0.030772 -0.079041 0.516813
0.217697 0.002067 -0.086797 0.195122 0.918167
0.217867 0.001335 0.094667 -0.225936 0.339010
0.217883 0.001283 -0.093153 0.217077 0.944565
0.217442 0.002219 0.070469 -0.164716 0.440517
0.217881 0.001360 -0.048080 0.117644 0.822831
0.221442 -0.006662 0.225313 -0.511524 -0.109688
0.223658 -0.011013 -0.113191 0.281968 0.891547
0.221233 -0.005038 -0.008581 0.021647 0.604885
0.220126 -0.002491 -0.046658 0.104996 0.745086
0.217339 0.003718 -0.092689 0.205310 0.948865
0.218108 0.001486 0.130403 -0.310142 0.227148
0.224781 -0.013923 0.203305 -0.461202 -0.143892
0.226404 -0.017105 -0.120943 0.290859 0.813495
0.222322 -0.007783 -0.083485 0.178650 0.758675
0.218324 0.000597 -0.116464 0.241126 0.929967
0.215422 0.005988 -0.029066 0.032462 0.717686
0.218165 -0.001627 0.165665 -0.408530 0.035225
0.220780 -0.008300 -0.034045 0.066881 0.602494
0.216807 0.000222 -0.164336 0.356796 1.068922
0.217394 -0.002364 0.192480 -0.474898 -0.064198
0.220692 -0.010737 -0.026658 0.047229 0.537937
0.216341 -0.001474 -0.190458 0.412619 1.104555
0.209152 0.013638 -0.169423 0.346922 1.196223
0.210019 0.009796 0.211525 -0.527500 0.015105
0.211758 0.004950 -0.123257 0.272971 1.036483
0.213939 -0.000706 0.231170 -0.545394 -0.107999
0.219823 -0.014199 0.063890 -0.137669 0.264389
0.214900 -0.002526 -0.308940 0.711761 1.417365
0.203983 0.021901 -0.237661 0.517137 1.488284
0.198705 0.032742 -0.027218 0.033932 1.066768
0.200586 0.027834 0.120890 -0.275978 0.624436
0.206448 0.015231 0.172319 -0.355526 0.402825
0.212422 0.003788 0.126814 -0.220792 0.470581
0.220577 -0.011847 0.280698 -0.559282 -0.136691
0.225935 -0.020296 -0.011561 0.125496 0.661380
0.226774 -0.018742 0.053200 -0.045100 0.426573
0.227297 -0.017104 -0.026837 0.124958 0.663079
0.225492 -0.010819 -0.063414 0.189586 0.807493
0.222545 -0.002640 -0.084052 0.220567 0.933519
0.219490 0.005237 -0.068880 0.175473 0.965885
0.221443 0.001334 0.165759 -0.363810 0.196910
0.222378 0.000349 -0.117950 0.304962 1.084642
0.224916 -0.004475 0.243635 -0.535339 -0.077720
0.229249 -0.012911 -0.025862 0.102924 0.670958
0.227617 -0.007720 -0.055731 0.156893 0.792969
0.223928 0.001663 -0.128643 0.311917 1.091941
0.221929 0.006625 0.028019 -0.057624 0.668348
0.225559 -0.001268 0.153197 -0.334716 0.206138
0.226803 -0.003038 -0.090107 0.237823 0.961130
0.224228 0.003837 -0.038952 0.109129 0.872419
0.225117 0.002543 0.082991 -0.170185 0.481503
0.227154 -0.001057 0.019157 -0.012754 0.661811
0.227114 0.000317 -0.021015 0.080450 0.806714
0.227476 0.000715 0.038887 -0.058556 0.624549
0.227763 0.001403 -0.024327 0.091033 0.840436
0.227259 0.003927 -0.001004 0.036427 0.800821
0.228931 0.001496 0.084341 -0.155782 0.515302
0.235700 -0.012368 0.253805 -0.534836 -0.134179
0.237337 -0.013764 -0.170394 0.450942 1.121267
0.232123 -0.000087 -0.090921 0.238558 1.009473
0.230593 0.004382 0.013958 -0.010696 0.734148
0.232716 0.000460 0.092011 -0.183762 0.456878
0.235234 -0.003986 0.034185 -0.041403 0.604003
0.235585 -0.003296 -0.016450 0.074382 0.769081
0.235919 -0.002715 0.032960 -0.043556 0.613854
0.235900 -0.001343 -0.033733 0.110283 0.839166
0.240148 -0.009962 0.245294 -0.533919 -0.115433
0.249128 -0.029024 0.204256 -0.424476 -0.211378
0.238022 -0.001572 -0.756749 1.771983 2.018373
0.219211 0.041102 -0.186779 0.389972 1.611525
0.217676 0.043396 0.108928 -0.265540 0.862083
0.226595 0.023325 0.336678 -0.735503 0.091802
0.235439 0.005757 0.106772 -0.154480 0.653522
0.242234 -0.005965 0.232759 -0.430069 0.161069
0.247706 -0.013957 0.041693 0.022524 0.674097
0.253885 -0.023721 0.266641 -0.505217 -0.146132
0.263549 -0.041517 0.217047 -0.389798 -0.232766
0.266150 -0.043417 -0.085861 0.284917 0.608772
0.262130 -0.031704 -0.115367 0.302790 0.723235
0.257447 -0.020278 -0.119019 0.271192 0.781893
0.251722 -0.007807 -0.167359 0.353682 1.005869
0.247081 0.001137 -0.065228 0.098861 0.774850
0.249637 -0.006884 0.192231 -0.493170 -0.110049
0.251014 -0.011641 -0.122143 0.244012 0.811968
0.247775 -0.006106 -0.040209 0.036742 0.586638
0.243965 0.000332 -0.150022 0.282967 0.979682
0.237798 0.011792 -0.158520 0.292152 1.120708
0.234322 0.016819 -0.015920 -0.035150 0.765069
0.235017 0.012708 0.050533 -0.169365 0.550350
0.237525 0.005236 0.074965 -0.205206 0.427378
0.240065 -0.001586 0.052258 -0.138159 0.445682
0.238468 0.001542 -0.131505 0.289172 1.052528
0.234296 0.010368 -0.077455 0.155769 0.987973
0.232723 0.013142 -0.001522 -0.014153 0.806357
0.235159 0.007090 0.123037 -0.285803 0.378991
0.239487 -0.002531 0.093682 -0.198398 0.394064
0.239701 -0.002125 -0.082374 0.212985 0.955797
0.238065 0.002344 0.000183 0.014172 0.744015
0.239515 -0.000362 0.072112 -0.147750 0.494168
0.240427 -0.001546 -0.026145 0.085034 0.801441
0.239970 0.000412 0.003185 0.014256 0.729318
0.240162 0.000858 0.006358 0.008241 0.729343
0.240958 -0.000027 0.033390 -0.051822 0.640050
0.241854 -0.001003 0.011507 0.002046 0.705151
0.247003 -0.011741 0.245311 -0.533531 -0.125745
0.248922 -0.014510 -0.147881 0.381670 1.031531
0.245763 -0.006217 -0.010775 0.039436 0.672836
0.244927 -0.003826 -0.030985 0.079995 0.751334
0.243215 0.000348 -0.054624 0.128834 0.863148
0.240921 0.005662 -0.060138 0.137783 0.938692
0.239944 0.007873 0.010949 -0.024503 0.754735
0.245377 -0.004447 0.260067 -0.586065 -0.113125
0.249302 -0.012402 -0.062478 0.176020 0.795956
0.247863 -0.008179 -0.009734 0.037901 0.648290
0.246202 -0.003880 -0.073216 0.175976 0.876795
0.243926 0.001437 -0.040792 0.092118 0.825286
0.242098 0.005542 -0.050670 0.113620 0.904939
0.241822 0.006060 0.036586 -0.084815 0.649803
0.244538 -0.000001 0.099106 -0.217587 0.404470
0.247401 -0.005916 0.044340 -0.081212 0.524297
0.246583 -0.003177 -0.084794 0.214526 0.950262
0.243510 0.004430 -0.069097 0.168003 0.976528
0.241613 0.009092 -0.025968 0.067419 0.905102
0.243218 0.005811 0.105819 -0.227942 0.475610
0.247603 -0.003296 0.113566 -0.229232 0.375513
0.254611 -0.017965 0.236703 -0.503228 -0.147856
0.257131 -0.021848 -0.109403 0.297036 0.850461
0.252513 -0.010067 -0.121703 0.294380 0.960456
0.251395 -0.007395 0.065064 -0.153994 0.380628
0.251286 -0.007244 -0.070047 0.157224 0.801440
0.249739 -0.004110 -0.007579 0.002251 0.622074
0.248200 -0.001211 -0.069236 0.141330 0.840920
0.245084 0.005112 -0.086641 0.175606 0.958666
0.241864 0.011518 -0.074509 0.146381 1.001125
0.241742 0.010867 0.067919 -0.174556 0.573160
0.246431 -0.000272 0.166435 -0.381697 0.177740
0.248282 -0.004038 -0.072933 0.184721 0.900733
0.246606 0.000259 -0.011187 0.033114 0.746561
0.246189 0.001517 -0.009716 0.030059 0.759520
0.245417 0.003631 -0.028812 0.075423 0.849187
0.245563 0.003671 0.035868 -0.071339 0.656053
0.246534 0.002057 0.012776 -0.010537 0.726851
0.246119 0.003852 -0.033375 0.099081 0.900311
0.245919 0.005195 0.023173 -0.029845 0.748829
0.247101 0.003566 0.035909 -0.051598 0.708338
0.247964 0.002973 0.007345 0.020810 0.806885
0.247340 0.005989 -0.038435 0.129063 0.991968
0.247152 0.008047 0.028751 -0.023612 0.821702
0.249613 0.004273 0.094174 -0.163867 0.597691
0.251652 0.001977 0.008162 0.045700 0.864786
0.254319 -0.001578 0.124802 -0.220418 0.466141
0.262376 -0.017255 0.277818 -0.561755 -0.146029
0.265643 -0.021338 -0.112954 0.344048 0.974625
0.259900 -0.005442 -0.174332 0.452362 1.255973
0.256459 0.003980 0.001430 0.026621 0.833213
0.257516 0.002813 0.051254 -0.083675 0.676478
0.260464 -0.002445 0.096120 -0.178939 0.490163
0.267543 -0.016910 0.257519 -0.542051 -0.143066
0.271718 -0.024190 -0.047491 0.166608 0.691423
0.274492 -0.028890 0.185401 -0.394635 -0.142407
0.275738 -0.030535 -0.121983 0.302223 0.742865
0.275910 -0.030930 0.129639 -0.313404 -0.126256
0.275222 -0.030128 -0.163033 0.344417 0.736917
0.267354 -0.014097 -0.230489 0.458720 1.022255
0.258093 0.003670 -0.232925 0.433509 1.173647
0.252014 0.013203 -0.071828 0.050422 0.807483
0.249903 0.013679 -0.033832 -0.025465 0.723037
0.246429 0.017862 -0.139569 0.231841 1.123272
0.244706 0.018347 0.052761 -0.201397 0.569603
0.246229 0.012211 0.023613 -0.107955 0.646119
0.248598 0.004958 0.094795 -0.254057 0.374236
0.245361 0.011401 -0.255511 0.565959 1.476098
0.241049 0.020075 0.038654 -0.120838 0.755456
0.243342 0.014031 0.075998 -0.181722 0.624404
0.247727 0.004119 0.143238 -0.313993 0.346199
0.248832 0.002653 -0.087091 0.232754 1.069950
0.247831 0.006079 0.036515 -0.056720 0.732825
0.247366 0.008453 -0.059438 0.172677 1.074607
0.247656 0.009214 0.073431 -0.130234 0.690649
0.248733 0.008626 -0.019215 0.097539 1.004335
0.248737 0.010833 0.019248 0.014444 0.932286
0.249905 0.010705 0.039072 -0.020377 0.899295
0.252008 0.008885 0.066082 -0.070301 0.826065
0.260110 -0.006273 0.338320 -0.682003 -0.112014
0.269103 -0.022482 0.112527 -0.139329 0.376047
0.272184 -0.025015 0.041785 0.010063 0.531608
0.272508 -0.021933 -0.025449 0.142751 0.724845
0.272209 -0.018393 0.010300 0.036458 0.602373
0.271235 -0.014071 -0.058892 0.178483 0.826506
0.270073 -0.010090 0.000496 0.023528 0.652529
0.269518 -0.007997 -0.028197 0.080730 0.745946
0.269007 -0.006388 0.002519 0.001156 0.650056
0.268343 -0.004661 -0.035641 0.084355 0.778057
0.272113 -0.013424 0.223353 -0.515782 -0.122326
0.280181 -0.031761 0.180586 -0.406273 -0.213676
0.285989 -0.044891 0.110326 -0.254986 -0.208862
0.281017 -0.033965 -0.357568 0.788955 1.167015
0.274729 -0.022275 0.041477 -0.188554 0.056114
0.271396 -0.018478 -0.207325 0.371325 0.829212
0.261531 -0.000663 -0.286059 0.520844 1.176232
0.254658 0.009122 -0.058601 -0.022040 0.605913
0.256321 -0.000798 0.141253 -0.469625 -0.103972
0.254351 -0.001504 -0.238377 0.421686 1.058593
0.251925 -0.001469 0.115799 -0.408282 -0.042986
