0.002739 -0.009181 -0.004604 -0.009669 0.065382
0.002813 0.012816 -0.006053 -0.062336 0.185205
0.004559 0.074368 -0.011414 -0.204746 0.523629
0.011009 0.247789 -0.027604 -0.602339 1.480714
0.030729 0.737141 -0.074213 -1.720656 4.183444
0.079938 1.718541 -0.187955 -3.944118 9.767791
0.006265 0.002133 0.008255 0.004590 -0.091731
0.005718 -0.029392 0.010074 0.085600 -0.271942
0.002720 -0.120355 0.017837 0.301049 -0.780468
-0.007283 -0.379300 0.041917 0.899180 -2.217534
-0.037137 -1.111161 0.111630 2.573098 -6.262500
0.000872 0.006317 0.008701 -0.009945 -0.067124
0.000654 -0.017187 0.009591 0.053698 -0.203303
-0.001404 -0.085542 0.015054 0.218247 -0.587036
-0.008735 -0.280638 0.032900 0.671157 -1.671313
-0.031041 -0.833267 0.085273 1.938452 -4.729629
0.007148 0.004593 -0.009328 -0.006487 0.106257
0.008055 0.040650 -0.011390 -0.095775 0.305454
0.011720 0.142412 -0.020013 -0.333737 0.867607
0.023177 0.429861 -0.046667 -0.994754 2.456180
0.056619 1.239646 -0.123738 -2.843271 6.923921
0.007264 -0.004006 0.000829 -0.001546 -0.005200
0.007063 -0.006006 0.000907 0.005352 -0.019773
0.006687 -0.012806 0.001477 0.023029 -0.060831
0.005766 -0.033172 0.003375 0.071571 -0.176895
0.003262 -0.091923 0.008978 0.207755 -0.505288
-0.003768 -0.259285 0.025021 0.592130 -1.434466
-0.023643 -0.733421 0.070541 1.676698 -4.058803
-0.072712 -1.715328 0.182587 3.903263 -9.632398
-0.009434 0.003412 -0.007514 0.002944 0.069256
-0.008823 0.027047 -0.008600 -0.056634 0.199272
-0.006409 0.093533 -0.014013 -0.212891 0.565915
0.001092 0.281153 -0.031225 -0.645002 1.602256
0.022954 0.810675 -0.081422 -1.856428 4.527072
0.002308 0.009944 -0.002326 0.009617 0.004031
0.002734 0.011374 -0.002030 0.005334 0.009630
0.003254 0.014600 -0.001978 -0.002618 0.025015
0.004004 0.022870 -0.002469 -0.021749 0.068186
0.005370 0.045387 -0.004374 -0.073169 0.190077
0.008444 0.108201 -0.010184 -0.216500 0.534846
0.016315 0.285030 -0.026968 -0.620305 1.510292
0.037715 0.783878 -0.074707 -1.759033 4.265136
0.088783 1.764689 -0.189926 -3.979570 9.858396
0.003711 0.003769 0.003009 -0.002222 -0.025649
0.003680 -0.005289 0.003427 0.022849 -0.079968
0.002928 -0.032248 0.005659 0.088268 -0.233125
0.000084 -0.109820 0.012825 0.268940 -0.666133
-0.008732 -0.330539 0.033794 0.776419 -1.890774
-0.034474 -0.954930 0.093608 2.203866 -5.343812
-0.007298 0.000507 0.004430 -0.003795 -0.036707
-0.007536 -0.012376 0.004989 0.031391 -0.112676
-0.008791 -0.050291 0.008090 0.122969 -0.326837
-0.012980 -0.158969 0.018094 0.375655 -0.932247
-0.025526 -0.467695 0.047392 1.084850 -2.643623
-0.061713 -1.338612 0.130872 3.071653 -7.452022
-0.000283 0.008681 0.007790 -0.002844 -0.072209
-0.000439 -0.016378 0.009011 0.063240 -0.216592
-0.002550 -0.089027 0.015035 0.236707 -0.623763
-0.010262 -0.296185 0.034159 0.716450 -1.774486
-0.033869 -0.882684 0.089887 2.060229 -5.019325
0.001431 0.001886 -0.003563 -0.003242 0.042110
0.001790 0.016044 -0.004379 -0.037272 0.118335
0.003219 0.055350 -0.007702 -0.128243 0.333503
0.007646 0.165781 -0.017925 -0.381382 0.942013
0.020520 0.477325 -0.047515 -1.093716 2.662578
0.057212 1.354237 -0.131566 -3.091438 7.498536
-0.002168 -0.005457 0.007805 0.002464 -0.082982
-0.002959 -0.034015 0.009396 0.076359 -0.246682
-0.005974 -0.116559 0.016397 0.272294 -0.708553
-0.015348 -0.351685 0.038227 0.815809 -2.013890
-0.042753 -1.016748 0.101536 2.338014 -5.691384
-0.008320 0.005742 0.006653 -0.005213 -0.056104
-0.008483 -0.013850 0.007508 0.047415 -0.169913
-0.010181 -0.070941 0.012167 0.184541 -0.490755
-0.016287 -0.234030 0.027165 0.562963 -1.397575
-0.034917 -0.696417 0.071041 1.623737 -3.957889
-0.082519 -1.679035 0.181063 3.854829 -9.520284
0.007530 -0.003278 -0.008829 -0.006994 0.102275
0.008095 0.031426 -0.010839 -0.092709 0.293805
0.011313 0.129310 -0.019153 -0.321417 0.834359
0.022025 0.405761 -0.044801 -0.957006 2.362027
0.053884 1.184754 -0.118944 -2.735557 6.660554
-0.000993 -0.005387 0.005926 -0.008960 -0.041346
-0.001502 -0.019985 0.006391 0.031725 -0.127364
-0.003161 -0.062902 0.009762 0.136019 -0.369658
-0.008141 -0.185856 0.020966 0.422369 -1.054398
-0.022572 -0.534992 0.054008 1.224625 -2.989331
-0.063720 -1.518502 0.148254 3.466049 -8.414638
-0.001909 -0.008185 -0.006030 0.001607 0.057084
-0.001846 0.011277 -0.006948 -0.047010 0.163499
-0.000302 0.065815 -0.011402 -0.174801 0.463625
0.005411 0.219526 -0.025512 -0.528485 1.312087
0.022888 0.653399 -0.066636 -1.521232 3.708826
0.068788 1.637217 -0.172603 -3.755181 9.236387
-0.004026 -0.006010 0.003440 0.008842 -0.052084
-0.004623 -0.023793 0.004701 0.053834 -0.154677
-0.006610 -0.075449 0.009308 0.175700 -0.444476
-0.012582 -0.222909 0.023185 0.516122 -1.264094
-0.029879 -0.641047 0.063117 1.474243 -3.579651
-0.075295 -1.625397 0.167272 3.711565 -9.095853
-0.002698 0.002582 -0.007890 0.008543 0.061815
-0.002168 0.023823 -0.008654 -0.046124 0.178787
-0.000018 0.083587 -0.013347 -0.187467 0.508402
0.006705 0.252234 -0.028677 -0.576583 1.439936
0.026338 0.728332 -0.073688 -1.666601 4.070078
0.075206 1.710369 -0.185344 -3.893841 9.641117
-0.001192 -0.000002 0.009092 -0.001495 -0.087927
-0.001802 -0.030384 0.010636 0.077907 -0.262175
-0.004778 -0.118209 0.017964 0.286994 -0.753625
-0.014519 -0.368355 0.041091 0.865682 -2.142274
-0.043439 -1.075602 0.108345 2.484265 -6.051977
0.002404 0.008979 0.009902 -0.000799 -0.097421
0.002088 -0.024669 0.011639 0.086790 -0.289973
-0.000845 -0.121796 0.019762 0.317721 -0.833064
-0.011257 -0.398278 0.045339 0.957010 -2.367410
-0.042859 -1.179295 0.119639 2.743120 -6.682628
0.005155 0.000586 -0.000052 0.005716 -0.010916
0.005102 -0.003188 0.000375 0.015578 -0.034909
0.004740 -0.014903 0.001562 0.043612 -0.102846
0.003459 -0.049099 0.004905 0.123060 -0.295167
-0.000465 -0.146923 0.014352 0.347997 -0.839511
-0.011908 -0.424718 0.041073 0.984226 -2.379177
-0.044633 -1.209069 0.116518 2.773456 -6.712093
-0.001707 0.004223 0.004690 0.008641 -0.064179
-0.001979 -0.017748 0.006160 0.064367 -0.190329
-0.003963 -0.081357 0.011757 0.214498 -0.546563
-0.010851 -0.262709 0.028760 0.633131 -1.553867
-0.031658 -0.776431 0.077778 1.809653 -4.397081
-0.082420 -1.756642 0.195033 4.030196 -10.010725
-0.007701 0.008548 0.004580 0.009359 -0.064520
-0.007802 -0.013534 0.006081 0.065210 -0.191234
-0.009624 -0.077444 0.011724 0.215925 -0.549089
-0.016373 -0.259634 0.028822 0.636391 -1.560997
-0.037104 -0.775711 0.078076 1.818206 -4.417169
-0.087835 -1.755820 0.195665 4.038272 -10.033191
-0.009706 0.009624 0.007273 0.009144 -0.091016
-0.009946 -0.021554 0.009236 0.088281 -0.268919
-0.012609 -0.111433 0.017037 0.300377 -0.771129
-0.022193 -0.367230 0.040932 0.890620 -2.190556
-0.051385 -1.090226 0.109884 2.543916 -6.186672
-0.007025 0.007799 0.009453 0.006447 -0.107421
-0.007452 -0.029073 0.011614 0.100714 -0.317564
-0.010743 -0.135258 0.020698 0.351791 -0.910566
-0.022206 -0.437284 0.048803 1.048951 -2.585931
-0.056804 -1.289657 0.130046 2.996168 -7.292800
-0.000400 0.006038 -0.005353 0.008471 0.036584
0.000094 0.018612 -0.005672 -0.024040 0.104799
0.001540 0.053635 -0.008304 -0.106919 0.296876
0.005659 0.152105 -0.017153 -0.334088 0.839702
0.017311 0.429969 -0.043325 -0.970605 2.374461
0.050214 1.212791 -0.118151 -2.756147 6.693803
-0.004677 -0.001145 0.000779 0.008620 -0.025028
-0.004894 -0.009672 0.001554 0.030003 -0.075547
-0.005786 -0.034902 0.003951 0.089467 -0.218441
-0.008635 -0.107397 0.010898 0.256914 -0.622805
-0.017063 -0.313617 0.030691 0.729963 -1.766836
-0.041307 -0.897153 0.086749 2.063520 -4.994533
-0.009190 0.002287 0.004640 -0.009433 -0.027536
-0.009297 -0.007613 0.004846 0.019345 -0.087146
-0.010193 -0.037123 0.007085 0.092040 -0.254927
-0.013380 -0.122049 0.014765 0.290692 -0.729030
-0.023103 -0.363669 0.037584 0.846852 -2.069541
-0.051351 -1.046806 0.102929 2.408448 -5.846181
0.004384 0.005159 -0.009680 0.000255 0.096291
0.005249 0.037984 -0.011336 -0.082228 0.277817
0.008626 0.130655 -0.019009 -0.299878 0.789846
0.019098 0.392452 -0.043137 -0.902690 2.236751
0.049600 1.130453 -0.113236 -2.588835 6.310032
0.008582 0.006826 -0.008678 -0.008666 0.104116
0.009562 0.042081 -0.010776 -0.095438 0.298640
0.013238 0.141512 -0.019267 -0.327519 0.847709
0.024526 0.422325 -0.045358 -0.972943 2.399466
0.057293 1.213525 -0.120696 -2.779052 6.765067
-0.003114 0.009321 -0.001394 0.001245 0.011451
-0.002666 0.013065 -0.001514 -0.007147 0.029433
-0.001950 0.022730 -0.002237 -0.028865 0.080104
-0.000511 0.049136 -0.004596 -0.088691 0.223342
0.002932 0.122913 -0.011523 -0.256696 0.628625
0.012012 0.330719 -0.031333 -0.730978 1.775284
0.036991 0.916765 -0.087501 -2.068014 5.011034
-0.004823 0.007762 -0.005166 -0.005483 0.062630
-0.004089 0.028876 -0.006422 -0.056808 0.177833
-0.001749 0.088000 -0.011461 -0.194219 0.503047
0.005109 0.254612 -0.026926 -0.576698 1.422654
0.024719 0.724817 -0.071637 -1.651733 4.019840
0.073448 1.707026 -0.182692 -3.878819 9.584556
-0.007509 0.001722 -0.004233 0.001082 0.040170
-0.007167 0.015336 -0.004868 -0.032488 0.113660
-0.005795 0.053174 -0.007945 -0.120738 0.320931
-0.001538 0.159509 -0.017691 -0.365028 0.906963
0.010855 0.459526 -0.046105 -1.051447 2.563943
0.046187 1.304262 -0.126995 -2.976686 7.223326
0.006194 -0.004232 0.001210 -0.001742 -0.008611
0.005961 -0.007406 0.001341 0.008200 -0.029808
0.005461 -0.017564 0.002186 0.033845 -0.089546
0.004160 -0.047461 0.004960 0.104416 -0.258427
0.000543 -0.133211 0.013122 0.302517 -0.736250
-0.009669 -0.376945 0.036470 0.861560 -2.087821
-0.038564 -1.065891 0.102638 2.434883 -5.896150
0.006362 0.009182 0.002530 -0.002612 -0.020077
0.006586 0.002006 0.002837 0.017729 -0.063828
0.006233 -0.019585 0.004610 0.070527 -0.187152
0.004201 -0.081928 0.010360 0.216100 -0.535803
-0.002635 -0.259548 0.027228 0.624866 -1.522018
-0.023103 -0.762657 0.075405 1.776178 -4.306407
-0.073321 -1.743322 0.191343 3.997987 -9.909405
0.001052 0.006966 0.001878 -0.007091 -0.004604
0.001291 0.004979 0.001759 0.000957 -0.019499
0.001352 -0.001885 0.002176 0.019737 -0.061233
0.000863 -0.022517 0.003971 0.069656 -0.179019
-0.001231 -0.082085 0.009547 0.208331 -0.512133
-0.007915 -0.251809 0.025732 0.598605 -1.454530
-0.027625 -0.732636 0.071827 1.698809 -4.115887
-0.076659 -1.714297 0.184743 3.924520 -9.696468
-0.001870 -0.009139 0.008199 0.006454 -0.094900
-0.002888 -0.041661 0.010136 0.089621 -0.280604
-0.006433 -0.135441 0.018187 0.311413 -0.804699
-0.017200 -0.402347 0.043047 0.927646 -2.285757
-0.048423 -1.156502 0.114920 2.652041 -6.453284
-0.001692 -0.009801 0.006596 -0.002699 -0.060563
-0.002506 -0.030800 0.007614 0.052998 -0.182132
-0.004962 -0.091870 0.012676 0.199101 -0.524966
-0.012130 -0.266210 0.028772 0.603142 -1.494003
-0.032683 -0.760303 0.075711 1.736075 -4.229259
-0.082815 -1.741437 0.190111 3.961118 -9.823346
-0.008427 -0.004523 0.003052 0.004053 -0.038629
-0.008875 -0.017830 0.003912 0.038637 -0.116398
-0.010369 -0.056802 0.007325 0.131362 -0.335971
-0.014877 -0.168358 0.017775 0.389599 -0.956949
-0.027959 -0.485127 0.047984 1.116338 -2.712517
-0.065294 -1.378441 0.133738 3.153167 -7.643711
0.008876 0.007296 -0.007464 -0.008811 0.092258
0.009793 0.038479 -0.009357 -0.085148 0.263863
0.013092 0.126283 -0.016882 -0.289741 0.748303
0.023110 0.374153 -0.039932 -0.859192 2.117702
0.052093 1.073007 -0.106469 -2.455366 5.975421
-0.002385 -0.000223 -0.001405 0.009529 -0.005013
-0.002426 -0.001864 -0.000952 0.013120 -0.016717
-0.002612 -0.007413 -0.000171 0.025926 -0.050142
-0.003242 -0.024051 0.001637 0.064313 -0.145000
-0.005166 -0.072097 0.006430 0.174699 -0.413695
-0.010794 -0.209048 0.019729 0.488496 -1.174284
-0.026937 -0.597312 0.057139 1.376426 -3.324244
-0.070620 -1.582712 0.157440 3.616961 -8.808320
0.005514 -0.004603 -0.003823 0.007262 0.023704
0.005493 0.003556 -0.003957 -0.013696 0.066961
0.006084 0.025940 -0.005569 -0.066496 0.188684
0.008376 0.088526 -0.011131 -0.210664 0.532636
0.015449 0.264823 -0.027679 -0.614345 1.505483
0.036013 0.762249 -0.075132 -1.750681 4.252686
0.086219 1.743225 -0.190039 -3.972264 9.844919
0.007626 -0.003114 0.000214 0.009898 -0.021938
0.007353 -0.010539 0.000978 0.028193 -0.066166
0.006489 -0.032599 0.003147 0.079948 -0.191364
0.003913 -0.096082 0.009291 0.226416 -0.545739
-0.003550 -0.276777 0.026684 0.640834 -1.548508
-0.024878 -0.788445 0.075870 1.810572 -4.379846
-0.076119 -1.768621 0.193133 4.029850 -9.991035
-0.003681 0.007602 -0.006346 0.006247 0.050964
-0.003027 0.025041 -0.006995 -0.038216 0.146383
-0.001046 0.073909 -0.010845 -0.153424 0.415296
0.004670 0.211620 -0.023370 -0.470843 1.175387
0.020926 0.600377 -0.060120 -1.360937 3.323075
0.064733 1.585915 -0.159818 -3.602298 8.802773
0.003358 0.008514 0.009168 0.004965 -0.101613
0.002998 -0.026410 0.011176 0.094573 -0.300907
-0.000076 -0.127063 0.019757 0.332842 -0.863258
-0.010897 -0.413449 0.046382 0.994163 -2.452147
-0.043662 -1.222125 0.123428 2.842462 -6.919201
0.007214 -0.007175 -0.005057 0.003401 0.043768
0.007227 0.007766 -0.005678 -0.034054 0.124889
0.008373 0.049437 -0.009008 -0.131751 0.353587
0.012699 0.166675 -0.019707 -0.401519 1.000111
0.025996 0.497540 -0.051009 -1.158815 2.827716
0.064583 1.428376 -0.140151 -3.278967 7.959445
0.004292 -0.002089 -0.006659 0.008205 0.050179
0.004555 0.015168 -0.007229 -0.036205 0.144700
0.006131 0.063548 -0.010982 -0.150589 0.411000
0.011405 0.199898 -0.023336 -0.465135 1.163632
0.027116 0.584830 -0.059686 -1.346688 3.290237
0.070305 1.570552 -0.158830 -3.588865 8.766030
0.001228 -0.006117 0.001567 0.000520 -0.016708
0.000865 -0.012000 0.001918 0.016895 -0.052973
0.000028 -0.029844 0.003468 0.060314 -0.155312
-0.002201 -0.081518 0.008306 0.180836 -0.444732
-0.008415 -0.228905 0.022362 0.519973 -1.263568
-0.025946 -0.646746 0.062416 1.476539 -3.577233
-0.071588 -1.631045 0.166648 3.713180 -9.092842
0.000469 0.009639 -0.008221 0.001428 0.079357
0.001397 0.036674 -0.009537 -0.066519 0.228407
0.004390 0.112844 -0.015801 -0.245397 0.648799
0.013213 0.327899 -0.035582 -0.740586 1.836996
0.038495 0.934645 -0.093156 -2.128032 5.187628
-0.009872 0.009565 0.005453 0.001797 -0.058125
-0.009892 -0.010537 0.006583 0.054218 -0.174271
-0.011484 -0.068945 0.011552 0.193240 -0.501999
-0.017583 -0.235654 0.027045 0.579039 -1.428529
-0.036481 -0.708172 0.072015 1.662193 -4.044541
-0.084545 -1.690324 0.183529 3.890939 -9.617166
-0.003606 0.003451 -0.006250 -0.006098 0.074694
-0.002962 0.028698 -0.007740 -0.067851 0.213104
-0.000393 0.099611 -0.013780 -0.233004 0.603805
0.007599 0.299639 -0.032346 -0.692486 1.708434
0.030900 0.864016 -0.086027 -1.982495 4.825262
0.001554 0.009248 0.002045 -0.008555 -0.003338
0.001891 0.007648 0.001853 -0.001179 -0.016170
0.002081 0.001857 0.002139 0.015316 -0.052022
0.001802 -0.015752 0.003621 0.058459 -0.153126
0.000150 -0.066774 0.008359 0.177704 -0.438994
-0.005437 -0.212330 0.022209 0.512825 -1.247739
-0.022201 -0.625011 0.061742 1.457756 -3.532932
-0.066979 -1.609567 0.165244 3.695459 -9.043357
-0.000001 -0.006455 0.004882 -0.002239 -0.044342
-0.000568 -0.021890 0.005629 0.039139 -0.134564
-0.002349 -0.067064 0.009379 0.147604 -0.388998
-0.007622 -0.196313 0.021319 0.447547 -1.108285
-0.022826 -0.563156 0.056169 1.289571 -3.140831
-0.065160 -1.549507 0.153112 3.535806 -8.602730
-0.008742 -0.008245 0.004518 -0.002098 -0.040980
-0.009358 -0.022517 0.005209 0.036280 -0.124651
-0.011098 -0.064369 0.008687 0.136874 -0.360614
-0.016073 -0.184194 0.019760 0.415053 -1.027703
-0.030259 -0.524412 0.052082 1.196146 -2.913112
-0.070483 -1.483087 0.144038 3.381049 -8.202478
0.007470 0.008252 -0.000554 0.005318 -0.005097
0.007764 0.006438 -0.000242 0.010253 -0.018082
0.007899 0.000313 0.000467 0.025139 -0.054946
0.007544 -0.018020 0.002335 0.068019 -0.159384
0.005764 -0.070916 0.007508 0.189994 -0.455072
-0.000092 -0.221629 0.022061 0.535652 -1.291917
-0.017518 -0.648758 0.063151 1.512545 -3.656596
-0.063234 -1.632682 0.168781 3.747057 -9.181924
0.008306 -0.008529 -0.007452 -0.008593 0.091706
0.008588 0.022524 -0.009330 -0.084630 0.262562
0.011241 0.109949 -0.016817 -0.288353 0.744880
0.020584 0.356740 -0.039762 -0.855332 2.108284
0.048809 1.052557 -0.106005 -2.444606 5.949263
0.007377 -0.000069 0.002681 -0.006729 -0.013356
0.007275 -0.005023 0.002728 0.008831 -0.044937
0.006766 -0.020359 0.003862 0.047570 -0.133760
0.005057 -0.065028 0.007885 0.152930 -0.384715
-0.000102 -0.192669 0.019932 0.447621 -1.094560
-0.015066 -0.554838 0.054543 1.277731 -3.100896
-0.057069 -1.541294 0.151005 3.523682 -8.557412
0.003475 0.004218 -0.003640 -0.000793 0.037982
0.003900 0.017020 -0.004299 -0.031890 0.106773
0.005292 0.052508 -0.007234 -0.114263 0.300866
0.009389 0.152146 -0.016404 -0.342836 0.849710
0.021106 0.433199 -0.043051 -0.985623 2.401761
0.054317 1.224885 -0.118869 -2.790507 6.769703
0.000149 -0.008145 0.005793 0.001575 -0.061083
-0.000599 -0.029210 0.006966 0.056517 -0.182693
-0.002993 -0.090380 0.012159 0.202118 -0.525824
-0.010106 -0.264936 0.028372 0.606064 -1.495853
-0.030620 -0.759591 0.075445 1.739817 -4.234080
-0.080723 -1.740686 0.189985 3.964425 -9.828699
-0.006055 -0.000223 0.006163 0.009774 -0.081175
-0.006621 -0.027976 0.007971 0.080033 -0.239780
-0.009345 -0.108072 0.014976 0.268920 -0.687597
-0.018238 -0.336145 0.036323 0.795160 -1.953545
-0.044622 -0.981327 0.097873 2.271334 -5.521401
-0.006341 0.006018 0.009260 -0.000375 -0.091854
-0.006737 -0.025699 0.010913 0.082193 -0.273519
-0.009601 -0.117309 0.018588 0.300024 -0.785931
-0.019520 -0.378160 0.042730 0.903229 -2.233762
-0.049436 -1.115403 0.112864 2.589880 -6.308399
0.006271 0.003102 0.002057 0.008274 -0.037117
0.006140 -0.009594 0.003035 0.040383 -0.111118
0.005012 -0.046734 0.006415 0.128043 -0.320235
0.001013 -0.153021 0.016475 0.373526 -0.911806
-0.011155 -0.454837 0.045342 1.065561 -2.584542
-0.046438 -1.306389 0.127140 3.007596 -7.286591
-0.008695 -0.002364 0.006700 -0.003489 -0.060019
-0.009208 -0.023223 0.007682 0.052015 -0.180848
-0.011353 -0.083906 0.012690 0.197332 -0.521562
-0.018181 -0.257154 0.028666 0.598960 -1.484579
-0.038310 -0.748175 0.075298 1.724957 -4.202892
-0.087960 -1.729479 0.189266 3.950685 -9.794032
0.009881 -0.000289 0.005624 -0.001547 -0.053143
0.009499 -0.018744 0.006551 0.047391 -0.160289
0.007671 -0.072520 0.011038 0.176056 -0.462491
0.001692 -0.226153 0.025246 0.532159 -1.316781
-0.016087 -0.661827 0.066651 1.531496 -3.729507
-0.062323 -1.645539 0.173062 3.766841 -9.264306
0.007551 0.004168 -0.008264 0.005783 0.071071
0.008205 0.028502 -0.009285 -0.056192 0.205236
0.010719 0.097040 -0.014788 -0.217788 0.583459
0.018478 0.290523 -0.032477 -0.663820 1.652407
0.041047 0.836595 -0.084195 -1.913325 4.668598
0.005984 0.005933 -0.003554 -0.005493 0.046530
0.006534 0.021530 -0.004525 -0.042721 0.130693
0.008264 0.064905 -0.008251 -0.142918 0.368348
0.013304 0.186843 -0.019589 -0.422305 1.040504
0.027672 0.530895 -0.052310 -1.208809 2.940715
0.068332 1.498421 -0.145121 -3.411126 8.273462
-0.002754 0.000828 -0.001651 -0.007748 0.032006
-0.002509 0.011399 -0.002442 -0.031641 0.087705
-0.001472 0.040373 -0.005032 -0.097420 0.245157
0.001766 0.121417 -0.012644 -0.282105 0.690649
0.011198 0.349775 -0.034416 -0.803403 1.950966
0.038100 0.993605 -0.096136 -2.271892 5.505148
-0.001861 0.004888 -0.009994 0.007038 0.085865
-0.001075 0.034326 -0.011234 -0.068254 0.248852
0.001964 0.117466 -0.017919 -0.264559 0.708311
0.011370 0.352358 -0.039405 -0.806271 2.006591
0.038752 1.014920 -0.102189 -2.321471 5.664837
-0.007221 0.006422 0.004076 0.009637 -0.060030
-0.007376 -0.014106 0.005506 0.061458 -0.177981
-0.009132 -0.073573 0.010787 0.201632 -0.511131
-0.015473 -0.243166 0.026727 0.592997 -1.453262
-0.034833 -0.723728 0.072608 1.693684 -4.113449
-0.083512 -1.705475 0.185339 3.920323 -9.694038
0.006876 0.009594 -0.001518 0.009480 -0.003781
0.007235 0.008342 -0.001088 0.012079 -0.013282
0.007480 0.003908 -0.000401 0.022250 -0.040491
0.007366 -0.009560 0.001113 0.053318 -0.117768
0.006201 -0.048621 0.005051 0.143102 -0.336716
0.002022 -0.160136 0.015916 0.398702 -0.956564
-0.010724 -0.476559 0.046431 1.122628 -2.709562
-0.047694 -1.368808 0.132355 3.155613 -7.634780
0.000074 0.008277 0.005069 -0.000477 -0.049735
0.000058 -0.009008 0.005973 0.045234 -0.150201
-0.001313 -0.059417 0.010210 0.165752 -0.433603
-0.006576 -0.203478 0.023559 0.499615 -1.234815
-0.022905 -0.612119 0.062413 1.437031 -3.498196
-0.067172 -1.596941 0.165129 3.676779 -9.004852
0.007276 -0.004122 0.004031 0.005353 -0.051020
0.006759 -0.021643 0.005155 0.050426 -0.152403
0.004872 -0.072621 0.009606 0.171291 -0.438639
-0.000950 -0.218212 0.023230 0.507883 -1.248067
-0.017954 -0.631112 0.062599 1.454408 -3.534802
-0.062976 -1.615694 0.165984 3.692887 -9.045614
0.001414 -0.002172 -0.008123 -0.008525 0.098281
0.001994 0.031116 -0.010114 -0.090294 0.281732
0.005119 0.124928 -0.018132 -0.309122 0.799568
0.015424 0.389823 -0.042749 -0.917858 2.263202
0.045994 1.136425 -0.113831 -2.622654 6.383619
-0.000477 -0.001525 -0.001429 0.001726 0.010840
-0.000466 0.002058 -0.001524 -0.006351 0.027937
-0.000199 0.011269 -0.002195 -0.027069 0.076089
0.000755 0.036386 -0.004423 -0.083979 0.212191
0.003616 0.106513 -0.010995 -0.243660 0.597267
0.011833 0.303988 -0.029808 -0.694350 1.686781
0.035158 0.860958 -0.083175 -1.965220 4.762188
-0.007546 0.003681 0.008675 0.006476 -0.099705
-0.008085 -0.030531 0.010700 0.093943 -0.294889
-0.011282 -0.129125 0.019153 0.327092 -0.845713
-0.022069 -0.409658 0.045272 0.974722 -2.402161
-0.054352 -1.201957 0.120783 2.785712 -6.779254
0.007936 -0.009196 0.001666 0.004230 -0.025123
0.007395 -0.017851 0.002293 0.026893 -0.076713
0.006166 -0.043540 0.004603 0.088207 -0.222442
0.002944 -0.117413 0.011576 0.259454 -0.634671
-0.005964 -0.327593 0.031664 0.742074 -1.800792
-0.030992 -0.922311 0.088729 2.101464 -5.090221
0.001381 0.000643 0.006519 0.006265 -0.077721
0.000871 -0.026026 0.008147 0.074509 -0.230491
-0.001714 -0.103096 0.014799 0.256854 -0.661701
-0.010237 -0.322649 0.035278 0.763929 -1.880638
-0.035602 -0.943917 0.094486 2.185998 -5.316859
0.009940 -0.006580 -0.002989 -0.002167 0.034222
0.009908 0.004931 -0.003631 -0.029657 0.095619
0.010742 0.036695 -0.006293 -0.102988 0.268909
0.013994 0.125742 -0.014516 -0.306914 0.758990
0.024054 0.376808 -0.038341 -0.880855 2.145118
0.053319 1.084440 -0.106102 -2.494851 6.050724
0.005061 0.001768 -0.001215 -0.007453 0.027060
0.005310 0.010647 -0.001909 -0.027089 0.073268
0.006219 0.034799 -0.004088 -0.081526 0.203931
0.008961 0.102167 -0.010430 -0.234684 0.573668
0.016848 0.291818 -0.028521 -0.667321 1.619850
0.039244 0.826745 -0.079791 -1.887865 4.573636
0.004522 -0.006188 -0.004398 0.007259 0.029466
0.004478 0.003953 -0.004635 -0.018760 0.083867
0.005199 0.031993 -0.006719 -0.084921 0.237028
0.008054 0.110624 -0.013762 -0.266123 0.669871
0.016921 0.332338 -0.034624 -0.773873 1.893986
0.042753 0.957608 -0.094337 -2.201413 5.346197
0.001288 0.007976 -0.000310 -0.008280 0.019660
0.001733 0.014275 -0.000900 -0.021147 0.051292
0.002640 0.031043 -0.002487 -0.058000 0.140869
0.004812 0.077451 -0.006912 -0.162667 0.394453
0.010520 0.207751 -0.019383 -0.459178 1.112184
0.026195 0.575250 -0.054623 -1.297621 3.141471
0.069006 1.561367 -0.151794 -3.539643 8.597228
0.003923 -0.006492 -0.003440 0.003496 0.027412
0.003851 0.002841 -0.003769 -0.019647 0.076980
0.004479 0.028498 -0.005761 -0.079528 0.216666
0.007057 0.100309 -0.012261 -0.244463 0.611539
0.015124 0.302671 -0.031355 -0.707451 1.728453
0.038675 0.873478 -0.085900 -2.010684 4.880370
-0.002744 0.008874 -0.003402 -0.006014 0.046049
-0.002080 0.024282 -0.004382 -0.042649 0.129115
-0.000250 0.067108 -0.008077 -0.141463 0.363696
0.004846 0.187485 -0.019283 -0.417175 1.027179
0.019151 0.527117 -0.051593 -1.193508 2.902946
0.059412 1.482338 -0.143227 -3.368010 8.168286
0.000243 -0.006733 -0.009520 0.007668 0.079861
0.000525 0.020703 -0.010634 -0.062631 0.231604
0.002905 0.098130 -0.016824 -0.245542 0.659328
0.011212 0.316834 -0.036799 -0.749999 1.867992
0.036259 0.933898 -0.095239 -2.161609 5.275608
0.005785 -0.005551 0.001137 0.001155 -0.013677
0.005466 -0.010378 0.001456 0.014696 -0.043955
0.004754 -0.025197 0.002772 0.050855 -0.129431
0.002883 -0.068274 0.006830 0.151444 -0.371191
-0.002313 -0.191310 0.018586 0.434697 -1.055256
-0.016961 -0.540400 0.052064 1.234238 -2.989121
-0.058320 -1.523679 0.146645 3.473356 -8.413158
-0.009757 0.004335 0.004260 0.002921 -0.048441
-0.009919 -0.012398 0.005256 0.046494 -0.145553
-0.011393 -0.061167 0.009453 0.162554 -0.419641
-0.016632 -0.200526 0.022446 0.485098 -1.194654
-0.032576 -0.595853 0.060099 1.391701 -3.384387
-0.076200 -1.581157 0.161035 3.633232 -8.876811
0.002227 -0.005072 -0.008526 0.001488 0.082282
0.002587 0.023017 -0.009893 -0.069151 0.237235
0.005095 0.102186 -0.016405 -0.255112 0.674272
0.013662 0.325733 -0.036970 -0.769885 1.909466
0.039337 0.956354 -0.096815 -2.211742 5.391636
-0.002116 0.008475 0.009840 -0.006960 -0.084485
-0.002367 -0.020907 0.011139 0.071055 -0.253501
-0.004908 -0.105978 0.018081 0.274575 -0.729963
-0.014005 -0.348404 0.040369 0.836209 -2.076108
-0.041693 -1.034034 0.105461 2.406182 -5.866973
0.001799 -0.007269 0.003924 -0.003748 -0.031747
0.001285 -0.018424 0.004396 0.027019 -0.098002
-0.000113 -0.051408 0.007087 0.106947 -0.284768
-0.004067 -0.146105 0.015801 0.327363 -0.812736
-0.015306 -0.415297 0.041345 0.946045 -2.305541
-0.047172 -1.175692 0.114197 2.682540 -6.507052
0.004318 -0.003165 0.008022 -0.005221 -0.069779
0.003705 -0.027417 0.009118 0.059324 -0.209827
0.001197 -0.097819 0.014887 0.227901 -0.604670
-0.006740 -0.298650 0.033372 0.693391 -1.720497
-0.030089 -0.867378 0.087364 1.996909 -4.867462
0.006436 -0.000468 0.001700 -0.004877 -0.007243
0.006361 -0.003273 0.001701 0.004792 -0.026591
0.006046 -0.012436 0.002373 0.028625 -0.080980
0.005005 -0.039558 0.004818 0.093223 -0.234629
0.001862 -0.117484 0.012179 0.273741 -0.669272
-0.007279 -0.339123 0.033366 0.782546 -1.898747
-0.033415 -0.966045 0.093529 2.215160 -5.365607
-0.008547 0.001599 -0.009642 -0.006178 0.108777
-0.007742 0.038539 -0.011739 -0.097786 0.312960
-0.004111 0.142825 -0.020563 -0.341761 0.889155
0.007506 0.437427 -0.047871 -1.019305 2.517321
0.041654 1.267217 -0.126845 -2.913241 7.094931
0.009511 -0.000958 -0.007850 -0.002107 0.082718
0.010036 0.027167 -0.009348 -0.072067 0.237611
0.012710 0.106370 -0.015965 -0.257492 0.674630
0.021445 0.329962 -0.036616 -0.771873 1.909909
0.047291 0.960674 -0.096538 -2.213563 5.392502
-0.005354 0.002874 0.004975 0.004515 -0.058781
-0.005645 -0.017356 0.006209 0.056682 -0.175452
-0.007516 -0.076078 0.011281 0.195982 -0.504775
-0.013916 -0.243639 0.026916 0.583375 -1.435907
-0.033181 -0.718533 0.072163 1.671669 -4.064966
-0.081657 -1.700545 0.184041 3.899721 -9.639854
-0.008344 0.000397 -0.002945 -0.001466 0.032382
-0.008110 0.011273 -0.003529 -0.027491 0.090275
-0.007058 0.041244 -0.006023 -0.096712 0.253652
-0.003726 0.125218 -0.013761 -0.289034 0.715680
0.006026 0.361945 -0.036211 -0.830209 2.022529
0.033888 1.029334 -0.100098 -2.352811 5.706604
-0.009188 0.008900 -0.006119 -0.006749 0.074692
-0.008326 0.034111 -0.007631 -0.068272 0.212855
-0.005543 0.104909 -0.013680 -0.233045 0.602887
0.002655 0.304604 -0.032230 -0.691672 1.705649
0.026135 0.868039 -0.085834 -1.979465 4.817273
0.007041 -0.002174 0.006443 -0.000664 -0.063099
0.006516 -0.024012 0.007576 0.056730 -0.189217
0.004285 -0.087430 0.012892 0.208023 -0.544967
-0.002839 -0.268392 0.029646 0.627051 -1.550561
-0.023853 -0.781119 0.078395 1.802305 -4.388561
-0.074804 -1.761395 0.195376 4.023729 -10.001219
0.006480 0.006739 0.003614 0.005152 -0.046441
0.006429 -0.009254 0.004651 0.046353 -0.139218
0.005125 -0.055866 0.008732 0.156927 -0.401170
0.000221 -0.189067 0.021207 0.464951 -1.141966
-0.014915 -0.566977 0.057245 1.331471 -3.235395
-0.057395 -1.552927 0.155820 3.575493 -8.709185
0.003825 0.006456 0.008259 -0.006419 -0.069757
0.003596 -0.017853 0.009316 0.058523 -0.210201
0.001467 -0.088438 0.015065 0.227730 -0.606112
-0.006105 -0.289798 0.033571 0.694598 -1.724906
-0.029130 -0.860022 0.087684 2.001648 -4.880132
0.004964 -0.001483 -0.008266 -0.002065 0.086794
0.005497 0.028043 -0.009834 -0.075613 0.249568
0.008286 0.111245 -0.016783 -0.270490 0.708815
0.017444 0.346170 -0.038481 -0.811015 2.006844
0.044578 1.008733 -0.101435 -2.325267 5.664888
-0.005957 -0.008104 0.008758 -0.009902 -0.067777
-0.006756 -0.031783 0.009658 0.054191 -0.204964
-0.009408 -0.100646 0.015166 0.219944 -0.591543
-0.017372 -0.297189 0.033147 0.676195 -1.683855
-0.040421 -0.853899 0.085909 1.952805 -4.764697
-0.003542 -0.004706 0.009815 0.006614 -0.111377
-0.004496 -0.042889 0.012050 0.104203 -0.328903
-0.008414 -0.152818 0.021452 0.364106 -0.942728
-0.020792 -0.465450 0.050541 1.085690 -2.676789
-0.057113 -1.347433 0.134615 3.099959 -7.546070
-0.006538 0.009168 0.001728 0.004330 -0.025936
-0.006351 0.000176 0.002374 0.027817 -0.079379
-0.006878 -0.026461 0.004766 0.091339 -0.230337
-0.009470 -0.103011 0.011989 0.268735 -0.657356
-0.017953 -0.320754 0.032796 0.768657 -1.865275
-0.043135 -0.936723 0.091901 2.176385 -5.271778
0.009610 0.009667 0.001491 0.006741 -0.028393
0.009801 -0.000103 0.002264 0.031694 -0.086025
0.009220 -0.028910 0.004905 0.099928 -0.248903
0.006407 -0.111580 0.012748 0.291112 -0.709705
-0.002766 -0.346609 0.035242 0.830363 -2.013148
-0.029956 -1.011121 0.099042 2.348273 -5.686968
0.005565 0.002630 0.007770 -0.002873 -0.071953
0.005170 -0.022321 0.008985 0.062948 -0.215745
0.002827 -0.094669 0.014983 0.235712 -0.621251
-0.005094 -0.300975 0.034027 0.713499 -1.767270
-0.028845 -0.885081 0.089527 2.051830 -4.998932
0.000566 0.005551 -0.005470 -0.006598 0.067897
0.001247 0.028447 -0.006857 -0.062236 0.193040
0.003671 0.092636 -0.012350 -0.211420 0.546340
0.011002 0.273594 -0.029166 -0.626840 1.545340
0.032182 0.784239 -0.077744 -1.794138 4.365719
0.083258 1.764630 -0.194356 -4.013839 9.971238
0.001544 0.003438 0.000718 0.005210 -0.017599
0.001559 -0.002651 0.001246 0.021095 -0.054654
0.001086 -0.020987 0.002971 0.064855 -0.159419
-0.000815 -0.073973 0.008037 0.187744 -0.455859
-0.006800 -0.225007 0.022527 0.534708 -1.294682
-0.024380 -0.653092 0.063632 1.514228 -3.664774
-0.070269 -1.636989 0.169334 3.748907 -9.191149
-0.007803 -0.001721 0.002499 0.002284 -0.029556
-0.008078 -0.011975 0.003138 0.029446 -0.090277
-0.009164 -0.042264 0.005776 0.101959 -0.261681
-0.012597 -0.129214 0.013913 0.303652 -0.746434
-0.022719 -0.376416 0.037481 0.871294 -2.117394
-0.051789 -1.075132 0.104498 2.467299 -5.979577
0.003880 0.004658 0.001710 0.000401 -0.017897
0.003939 -0.001672 0.002080 0.017933 -0.056664
0.003489 -0.020787 0.003732 0.064368 -0.166057
0.001550 -0.076064 0.008899 0.193213 -0.475420
-0.004650 -0.233644 0.023921 0.555718 -1.350644
-0.022947 -0.680235 0.066727 1.577888 -3.823043
-0.069909 -1.663390 0.174922 3.809746 -9.368711
-0.000743 -0.005417 -0.004265 0.003906 0.034834
-0.000721 0.006469 -0.004710 -0.025851 0.098803
0.000198 0.039426 -0.007299 -0.103050 0.279096
0.003629 0.131954 -0.015704 -0.315861 0.788763
0.014137 0.392947 -0.040359 -0.913220 2.230026
0.044609 1.128465 -0.110707 -2.591049 6.289171
0.003914 0.009437 -0.006090 0.003423 0.054057
0.004661 0.027852 -0.006890 -0.042928 0.154759
0.006809 0.079453 -0.011048 -0.164104 0.438692
0.012901 0.224868 -0.024350 -0.498913 1.241329
0.030123 0.635354 -0.063218 -1.438396 3.508977
0.075315 1.620049 -0.165944 -3.676143 9.011727
0.000624 -0.000270 0.006824 -0.000481 -0.067273
0.000147 -0.023540 0.008037 0.060533 -0.201434
-0.002148 -0.091043 0.013699 0.221443 -0.579875
-0.009648 -0.283582 0.031527 0.667149 -1.649563
-0.031924 -0.828917 0.083381 1.916800 -4.667413
-0.004835 0.004232 -0.006877 0.006882 0.055008
-0.004287 0.023088 -0.007577 -0.041333 0.158435
-0.002303 0.076008 -0.011747 -0.166222 0.449910
0.003727 0.225222 -0.025320 -0.510271 1.273738
0.021179 0.646466 -0.065146 -1.474732 3.600922
0.066810 1.630777 -0.169300 -3.711098 9.115191
0.003556 0.001514 -0.002624 0.001268 0.023699
0.003776 0.009485 -0.002961 -0.017923 0.065453
0.004591 0.031215 -0.004689 -0.068146 0.183184
0.007055 0.091852 -0.010209 -0.206983 0.516056
0.014149 0.262558 -0.026339 -0.597182 1.457749
0.034305 0.744174 -0.072367 -1.696942 4.117551
0.083799 1.725819 -0.185169 -3.920982 9.693652
0.008731 -0.006704 -0.002247 0.007539 0.007388
0.008515 -0.004126 -0.002083 0.000783 0.019260
0.008479 0.002328 -0.002359 -0.014422 0.052431
0.008921 0.019713 -0.003739 -0.054291 0.145967
0.010677 0.068010 -0.008129 -0.164573 0.410439
0.016117 0.203768 -0.020949 -0.474607 1.158708
0.031944 0.586762 -0.057536 -1.349239 3.273841
0.075207 1.572407 -0.156743 -3.589680 8.746795
0.007895 -0.006036 -0.009035 0.002726 0.084896
0.008235 0.022987 -0.010407 -0.070565 0.245195
0.010795 0.104847 -0.017107 -0.263094 0.697259
0.019622 0.336038 -0.038350 -0.795666 1.974829
0.046141 0.988154 -0.100219 -2.286621 5.575434
0.005777 -0.006168 0.002134 -0.007647 -0.006044
0.005481 -0.008620 0.002018 0.001722 -0.023628
0.004971 -0.016834 0.002533 0.023797 -0.072924
0.003807 -0.041313 0.004671 0.082685 -0.212076
0.000743 -0.111793 0.011273 0.246448 -0.605626
-0.007749 -0.312400 0.030405 0.707415 -1.718882
-0.031629 -0.880207 0.084851 2.005760 -4.860031
0.000119 -0.005659 0.006310 -0.008497 -0.046107
-0.000432 -0.021876 0.006875 0.036226 -0.141201
-0.002260 -0.069406 0.010644 0.151339 -0.409115
-0.007762 -0.205439 0.023066 0.467804 -1.166272
-0.023717 -0.591513 0.059628 1.354506 -3.305286
-0.067174 -1.577199 0.159124 3.598392 -8.788022
0.001021 -0.008652 -0.006164 0.005465 0.050706
0.001024 0.008731 -0.006837 -0.038671 0.145718
0.002349 0.057413 -0.010694 -0.153290 0.413515
0.007393 0.194571 -0.023185 -0.469314 1.170478
0.022936 0.581749 -0.059799 -1.355698 3.309388
0.066000 1.567394 -0.159293 -3.597342 8.787608
0.006425 -0.004118 -0.002033 -0.004458 0.029248
0.006455 0.005615 -0.002665 -0.026914 0.080473
0.007213 0.032259 -0.004966 -0.087753 0.225165
0.009996 0.106743 -0.011896 -0.257751 0.634463
0.018470 0.316573 -0.031847 -0.736960 1.792392
0.042997 0.908327 -0.088521 -2.087213 5.059639
-0.002781 0.000556 0.001538 -0.002893 -0.009595
-0.002830 -0.003004 0.001649 0.008278 -0.033040
-0.003176 -0.014282 0.002554 0.036766 -0.099070
-0.004410 -0.047375 0.005596 0.114870 -0.285702
-0.008205 -0.142186 0.014597 0.333871 -0.813713
-0.019290 -0.411551 0.040381 0.951606 -2.307025
-0.051014 -1.172347 0.113453 2.688020 -6.510568
0.002748 0.001166 0.003515 -0.002254 -0.030645
0.002579 -0.009598 0.004020 0.027184 -0.094570
0.001557 -0.041430 0.006657 0.104124 -0.274821
-0.001931 -0.132827 0.015100 0.316712 -0.784428
-0.012451 -0.392665 0.039784 0.913800 -2.225435
-0.042885 -1.126842 0.110139 2.590686 -6.282757
0.002478 -0.003194 0.001838 -0.003936 -0.010509
0.002272 -0.007084 0.001928 0.008305 -0.035895
0.001743 -0.019326 0.002885 0.039256 -0.107358
0.000252 -0.055176 0.006158 0.123870 -0.309319
-0.004011 -0.157808 0.015882 0.360923 -0.880663
-0.016165 -0.449295 0.043768 1.029315 -2.496312
-0.050644 -1.271994 0.122791 2.906032 -7.039976
0.000915 0.002216 0.002247 -0.002343 -0.017782
0.000876 -0.004142 0.002521 0.015856 -0.056923
0.000324 -0.023396 0.004107 0.063094 -0.167258
-0.001728 -0.079111 0.009252 0.193336 -0.479189
-0.008075 -0.237969 0.024344 0.559080 -1.361594
-0.026618 -0.688191 0.067456 1.589775 -3.854110
-0.073896 -1.671195 0.176119 3.821169 -9.403524
0.001315 -0.001440 0.009715 0.006860 -0.110875
0.000496 -0.039454 0.011950 0.103964 -0.327430
-0.003276 -0.148896 0.021319 0.362671 -0.938527
-0.015469 -0.460144 0.050285 1.081030 -2.664913
-0.051500 -1.338262 0.133995 3.086521 -7.512993
-0.008374 0.008834 0.007505 -0.004763 -0.065520
-0.008478 -0.013984 0.008542 0.056011 -0.197445
-0.010366 -0.080277 0.013981 0.214793 -0.569400
-0.017368 -0.269446 0.031399 0.653311 -1.620609
-0.038889 -0.805328 0.082274 1.881845 -4.586434
-0.009758 -0.006346 -0.000340 0.009433 -0.015467
-0.010116 -0.011554 0.000293 0.022165 -0.047262
-0.010894 -0.027295 0.001922 0.059074 -0.137366
-0.012898 -0.072858 0.006400 0.164247 -0.392494
-0.018416 -0.202828 0.018968 0.462462 -1.114607
-0.033916 -0.571420 0.054439 1.305805 -3.155999
-0.076576 -1.557547 0.151978 3.549587 -8.618954
0.007954 0.002077 0.009213 0.000303 -0.092739
0.007395 -0.029912 0.010904 0.083423 -0.275889
0.004348 -0.122286 0.018663 0.302945 -0.792515
-0.005814 -0.385295 0.043020 0.911032 -2.252263
-0.036137 -1.128579 0.113742 2.611345 -6.360109
0.006654 -0.005029 0.003047 0.008686 -0.047841
0.006126 -0.021365 0.004228 0.050012 -0.142302
0.004319 -0.068892 0.008486 0.162149 -0.409153
-0.001157 -0.204642 0.021278 0.475572 -1.163919
-0.017060 -0.589717 0.058064 1.358100 -3.296836
-0.060443 -1.575343 0.157674 3.600646 -8.778030
-0.001206 0.000019 0.005471 -0.006333 -0.042045
-0.001502 -0.014764 0.006039 0.034254 -0.128895
-0.002962 -0.058153 0.009523 0.139205 -0.373643
-0.007778 -0.182401 0.020907 0.428171 -1.065413
-0.022143 -0.535158 0.054342 1.238418 -3.020257
-0.063367 -1.522055 0.149288 3.487119 -8.467114
-0.004081 -0.007140 0.001488 -0.009725 0.004568
-0.004345 -0.006007 0.001114 -0.009068 0.006997
-0.004545 -0.004027 0.000719 -0.010719 0.014244
-0.004618 0.000386 0.000140 -0.018232 0.035060
-0.004376 0.011714 -0.001062 -0.041802 0.094224
-0.003288 0.042640 -0.004113 -0.110380 0.261889
0.000149 0.129055 -0.012462 -0.305998 0.736619
0.010188 0.372478 -0.035860 -0.860638 2.079877
0.038846 1.058541 -0.101793 -2.424276 5.866478
-0.001322 0.002283 0.005244 -0.003517 -0.045405
-0.001549 -0.013581 0.005967 0.039225 -0.138121
-0.003023 -0.060000 0.009785 0.150845 -0.399538
-0.008084 -0.192795 0.022023 0.459142 -1.138512
-0.023348 -0.569664 0.057801 1.324236 -3.226487
-0.065937 -1.555688 0.156106 3.569146 -8.699348
0.004345 0.009990 -0.000310 0.005521 -0.007944
0.004689 0.007199 0.000059 0.012906 -0.026406
0.004798 -0.001709 0.001006 0.034332 -0.078729
0.004204 -0.027936 0.003608 0.095405 -0.226890
0.001579 -0.103187 0.010908 0.268608 -0.646295
-0.006835 -0.317146 0.031516 0.758901 -1.832960
-0.031657 -0.922408 0.089722 2.141535 -5.180295
0.006613 -0.006954 -0.004809 -0.006014 0.060118
0.006741 0.013332 -0.006040 -0.055098 0.170597
0.008412 0.070074 -0.010895 -0.186777 0.482508
0.014417 0.229912 -0.025746 -0.553541 1.364545
0.032655 0.680990 -0.068649 -1.584792 3.856070
0.079645 1.664059 -0.177089 -3.815222 9.401330
-0.001355 -0.006108 0.000243 0.005599 -0.013628
-0.001693 -0.010793 0.000713 0.017820 -0.042768
-0.002412 -0.025116 0.002114 0.052041 -0.125223
-0.004250 -0.066718 0.006138 0.148604 -0.358590
-0.009299 -0.185518 0.017575 0.421648 -1.019043
-0.023474 -0.522601 0.049970 1.193365 -2.886430
-0.063447 -1.472456 0.141376 3.356841 -8.127446
0.007369 0.000161 -0.003680 0.001887 0.033024
0.007600 0.011352 -0.004161 -0.025663 0.092938
0.008674 0.042286 -0.006640 -0.097739 0.261875
0.012103 0.129047 -0.014558 -0.296963 0.739508
0.022168 0.373704 -0.037699 -0.856678 2.090344
0.050948 1.063382 -0.103675 -2.430224 5.897202
0.004448 -0.004383 -0.007051 0.004614 0.061277
0.004693 0.016588 -0.007940 -0.048510 0.176417
0.006537 0.075497 -0.012673 -0.187149 0.501029
0.012886 0.241654 -0.027863 -0.569968 1.418570
0.031954 0.710679 -0.072274 -1.643394 4.009531
0.080121 1.693028 -0.183019 -3.871604 9.573401
0.001364 -0.001043 0.007999 -0.001868 -0.076254
0.000793 -0.027429 0.009324 0.067406 -0.228050
-0.001836 -0.103854 0.015690 0.249632 -0.656169
-0.010356 -0.321706 0.035825 0.753910 -1.866071
-0.035588 -0.938275 0.094434 2.166126 -5.276593
-0.003870 0.003015 -0.005373 -0.004706 0.063138
-0.003322 0.024340 -0.006611 -0.056735 0.179581
-0.001151 0.084081 -0.011679 -0.195733 0.508260
0.005586 0.252450 -0.027289 -0.582371 1.437629
0.025209 0.727619 -0.072458 -1.668829 4.062234
0.074047 1.709631 -0.184182 -3.895141 9.632097
0.007246 0.003467 -0.004587 0.001364 0.043143
0.007678 0.018102 -0.005265 -0.034879 0.122405
0.009219 0.058864 -0.008578 -0.130086 0.345948
0.013870 0.173498 -0.019083 -0.393569 0.977971
0.027292 0.496984 -0.049722 -1.133756 2.764729
0.065442 1.407245 -0.136914 -3.207261 7.783661
0.002569 -0.006600 0.007908 -0.007004 -0.065076
0.001850 -0.029277 0.008860 0.053905 -0.196405
-0.000643 -0.095222 0.014206 0.212262 -0.566585
-0.008223 -0.283445 0.031485 0.648923 -1.612697
-0.030252 -0.816700 0.082069 1.871713 -4.564120
-0.007562 0.000685 -0.008471 -0.006685 0.098083
-0.006868 0.033946 -0.010396 -0.088785 0.281530
-0.003630 0.127722 -0.018359 -0.307845 0.799276
0.006785 0.392541 -0.042925 -0.916665 2.262585
0.037460 1.138951 -0.113955 -2.621214 6.381983
0.006143 -0.002508 -0.009548 -0.000536 0.096550
0.006703 0.030409 -0.011236 -0.083077 0.278519
0.009782 0.123322 -0.018952 -0.301157 0.791833
0.019974 0.385789 -0.043160 -0.905398 2.242394
0.050247 1.125656 -0.113451 -2.595698 6.325910
-0.005669 -0.005544 -0.002882 -0.004363 0.037546
-0.005639 0.007042 -0.003657 -0.034129 0.104828
-0.004660 0.041833 -0.006635 -0.114233 0.294814
-0.001031 0.139432 -0.015698 -0.337596 0.832174
0.010061 0.414670 -0.041860 -0.966657 2.351909
0.042203 1.190042 -0.116162 -2.734244 6.630110
0.008537 -0.002283 -0.001656 0.002223 0.012118
0.008527 0.001755 -0.001757 -0.007121 0.031809
0.008808 0.012273 -0.002523 -0.031014 0.087259
0.009877 0.041108 -0.005083 -0.096575 0.243981
0.013137 0.121771 -0.012646 -0.280466 0.687387
0.022562 0.349055 -0.034304 -0.799376 1.941791
0.049374 0.989873 -0.095726 -2.261068 5.479397
0.003283 -0.008305 0.003206 0.001638 -0.035331
0.002705 -0.020536 0.003924 0.033996 -0.107235
0.001163 -0.056485 0.007016 0.120000 -0.310161
-0.003160 -0.159509 0.016623 0.358885 -0.883998
-0.015405 -0.452185 0.044498 1.030741 -2.506463
-0.050069 -1.278248 0.123744 2.915614 -7.068673
0.004718 0.001771 0.005911 -0.007389 -0.044337
0.004476 -0.013833 0.006484 0.035522 -0.135881
0.003006 -0.059585 0.010135 0.146237 -0.393829
-0.002002 -0.190552 0.022116 0.450853 -1.122863
-0.017074 -0.562303 0.057336 1.304666 -3.182690
-0.059372 -1.548535 0.154879 3.550682 -8.650157
-0.008325 0.008551 -0.003539 -0.000548 0.036485
-0.007737 0.020833 -0.004163 -0.030369 0.102370
-0.006222 0.054840 -0.006967 -0.109291 0.288255
-0.002116 0.150284 -0.015744 -0.328222 0.813887
0.009289 0.419480 -0.041261 -0.943884 2.300381
0.041284 1.177966 -0.113884 -2.673483 6.485808
0.007909 0.005102 -0.000807 -0.000297 0.008660
0.008169 0.007860 -0.000930 -0.005833 0.020969
0.008620 0.014676 -0.001460 -0.020549 0.055698
0.009573 0.032970 -0.003104 -0.061432 0.153908
0.011909 0.083748 -0.007877 -0.176527 0.431824
0.018118 0.226454 -0.021480 -0.501751 1.218305
0.035244 0.629008 -0.060041 -1.420468 3.441344
0.080184 1.613854 -0.162027 -3.657331 8.934929
0.004174 0.007797 -0.003656 -0.004686 0.045936
0.004795 0.023208 -0.004589 -0.041610 0.129110
0.006582 0.066064 -0.008249 -0.140726 0.363941
0.011639 0.186549 -0.019434 -0.416871 1.028084
0.025913 0.526501 -0.051750 -1.194083 2.905667
0.066168 1.482620 -0.143450 -3.370713 8.175928
-0.009876 0.003532 0.004423 0.003138 -0.050509
-0.010085 -0.013902 0.005464 0.048456 -0.151549
-0.011658 -0.064667 0.009833 0.169196 -0.436726
-0.017151 -0.209686 0.023354 0.504771 -1.243079
-0.033782 -0.620993 0.062529 1.447889 -3.521072
-0.078401 -1.605675 0.165664 3.686867 -9.030376
0.003748 -0.007694 0.001725 0.003384 -0.024021
0.003274 -0.016000 0.002303 0.025335 -0.073705
0.002139 -0.040707 0.004507 0.084473 -0.214022
-0.000914 -0.111806 0.011205 0.249433 -0.610920
-0.009440 -0.314145 0.030533 0.714181 -1.733692
-0.033488 -0.886810 0.085470 2.023444 -4.901587
-0.009868 -0.001582 -0.006343 -0.002433 0.068297
-0.009467 0.021590 -0.007596 -0.059668 0.195298
-0.007299 0.086648 -0.013043 -0.211617 0.553664
-0.000157 0.270129 -0.029996 -0.633431 1.566822
0.021028 0.787927 -0.079177 -1.817507 4.426784
0.072247 1.768023 -0.196707 -4.036245 10.039558
-0.007621 0.002472 -0.001461 -0.002451 0.019510
-0.007393 0.008900 -0.001850 -0.016898 0.052300
-0.006691 0.026149 -0.003311 -0.055893 0.144898
-0.004686 0.074014 -0.007737 -0.164730 0.406828
0.000969 0.208510 -0.020497 -0.471513 1.148000
0.016913 0.587913 -0.056789 -1.337661 3.243216
0.060224 1.573652 -0.155538 -3.578369 8.712116
0.004170 -0.007123 -0.005382 0.004978 0.043860
0.004186 0.007893 -0.005951 -0.033008 0.125522
0.005342 0.049809 -0.009256 -0.131559 0.355682
0.009698 0.167769 -0.019986 -0.403213 1.006284
0.023081 0.500695 -0.051454 -1.165400 2.845336
0.061909 1.437282 -0.141126 -3.298663 8.008588
0.003375 -0.007265 -0.001413 0.003274 0.007579
0.003135 -0.004738 -0.001397 -0.002432 0.018838
0.003070 0.001484 -0.001775 -0.016350 0.050455
0.003463 0.018140 -0.003186 -0.053941 0.139745
0.005114 0.064318 -0.007455 -0.158884 0.392320
0.010285 0.194035 -0.019762 -0.454707 1.107030
0.025379 0.559937 -0.054760 -1.290013 3.127626
0.067580 1.546181 -0.151643 -3.532782 8.581990
0.004999 0.003786 -0.006721 -0.002887 0.072986
0.005647 0.028536 -0.008072 -0.064061 0.208840
0.008182 0.098092 -0.013907 -0.226563 0.592195
0.016038 0.294325 -0.032049 -0.677735 1.675957
0.038912 0.848047 -0.084656 -1.943773 4.734107
0.008302 -0.004525 0.005031 0.008761 -0.067829
0.007656 -0.027716 0.006568 0.067583 -0.200847
0.005203 -0.094809 0.012459 0.225932 -0.576458
-0.002421 -0.286042 0.030379 0.667351 -1.638493
-0.024720 -0.827607 0.082048 1.907416 -4.635306
-0.009495 -0.005162 -0.006304 0.004642 0.053752
-0.009333 0.013231 -0.007059 -0.041902 0.154391
-0.007770 0.064782 -0.011178 -0.163161 0.438098
-0.002268 0.210069 -0.024439 -0.497830 1.240053
0.014355 0.620197 -0.063250 -1.436617 3.505735
0.058942 1.604960 -0.165910 -3.674626 9.008353
0.000523 -0.005549 -0.000712 0.005129 -0.003134
0.000279 -0.006650 -0.000444 0.008293 -0.012143
-0.000069 -0.010749 0.000091 0.018437 -0.037785
-0.000751 -0.023347 0.001425 0.048115 -0.110481
-0.002419 -0.060008 0.005055 0.132899 -0.316347
-0.006919 -0.164784 0.015210 0.373491 -0.899081
-0.019470 -0.462211 0.043849 1.054360 -2.547213
-0.054799 -1.301451 0.124616 2.967722 -7.181606
-0.007658 0.006127 -0.005053 -0.000979 0.052490
-0.007056 0.023894 -0.005976 -0.044721 0.149199
-0.005106 0.073551 -0.010097 -0.160543 0.422058
0.000638 0.213384 -0.022985 -0.481854 1.193554
0.017083 0.608050 -0.060431 -1.384669 3.373645
0.061193 1.593331 -0.161047 -3.624509 8.859484
0.007536 0.005791 0.002033 -0.006252 -0.007829
0.007706 0.002726 0.001999 0.004373 -0.028733
0.007616 -0.007203 0.002696 0.030249 -0.087454
0.006741 -0.036517 0.005312 0.100094 -0.253305
0.003594 -0.120666 0.013237 0.295028 -0.722431
-0.006026 -0.359914 0.036088 0.844216 -2.049314
-0.033988 -1.036294 0.100992 2.389301 -5.788524
-0.003676 -0.000116 -0.002466 -0.000551 0.025760
-0.003507 0.008516 -0.002902 -0.021039 0.071095
-0.002694 0.032098 -0.004836 -0.075321 0.199007
-0.000090 0.097958 -0.010880 -0.225961 0.560727
0.007544 0.283429 -0.028446 -0.649791 1.584038
0.029370 0.806638 -0.078488 -1.844227 4.473334
0.081330 1.786365 -0.197033 -4.060389 10.091109
0.006449 0.007030 -0.006536 0.007781 0.049800
0.007073 0.024114 -0.007113 -0.036106 0.143339
0.008998 0.072000 -0.010837 -0.149257 0.406883
0.014582 0.206948 -0.023072 -0.460516 1.151746
0.030495 0.587921 -0.059053 -1.332970 3.256472
0.073809 1.573755 -0.157658 -3.575640 8.727857
-0.008490 -0.004145 -0.009812 -0.001985 0.102092
-0.007958 0.030638 -0.011649 -0.088980 0.294445
-0.004764 0.128847 -0.019847 -0.319319 0.837105
0.005950 0.406295 -0.045472 -0.957894 2.370513
0.037887 1.188119 -0.119792 -2.743380 6.684677
0.009409 0.005626 -0.008572 -0.000492 0.086701
0.010226 0.035140 -0.010083 -0.074355 0.249543
0.013299 0.118345 -0.016988 -0.269516 0.708914
0.022741 0.353307 -0.038654 -0.810348 2.007234
0.050163 1.015993 -0.101590 -2.325049 5.666000
-0.007403 -0.002382 -0.002678 -0.005129 0.037041
-0.007250 0.009999 -0.003470 -0.034209 0.103119
-0.006164 0.044192 -0.006420 -0.112770 0.289740
