-0.004768 -0.004030 0.006285 -0.008162 0.094319
-0.024466 0.041685 -0.988344 2.270220 2.152926
-0.083373 0.175622 -1.952324 4.408584 2.929308
0.002002 0.004571 -0.006242 -0.008897 0.196634
-0.003351 0.016125 -0.260733 0.580585 1.098247
-0.023271 0.061009 -0.734231 1.656608 2.190639
-0.072371 0.172141 -1.716321 3.878564 2.976958
-0.004501 0.003149 0.001245 -0.006999 0.189459
-0.013399 0.023630 -0.444945 1.020613 1.559222
-0.030952 0.063344 -0.433522 0.973556 1.940573
-0.041780 0.087503 -0.109532 0.249843 1.645690
-0.037547 0.079049 0.319942 -0.661644 0.446930
-0.025833 0.057192 0.266501 -0.438543 0.585340
-0.013002 0.036141 0.375168 -0.615716 0.187028
-0.003860 0.026343 0.083204 0.113753 1.116695
-0.004271 0.039921 -0.103297 0.561473 1.812027
-0.010954 0.068466 -0.230878 0.866936 2.356483
-0.003412 0.064918 0.605163 -1.018706 0.311238
0.017988 0.032853 0.465993 -0.596554 0.525550
0.032881 0.018855 0.279632 -0.112833 1.069591
0.044848 0.013018 0.318748 -0.179221 0.950686
0.061218 -0.002069 0.499426 -0.572604 0.291479
0.073103 -0.005727 0.096380 0.375646 1.500047
0.096963 -0.037347 1.093479 -1.930023 -1.021944
0.160339 -0.158526 2.071232 -4.110891 -2.255818
-0.001347 0.003386 -0.001544 0.002664 0.218621
-0.009863 0.023106 -0.423072 0.973533 1.532364
-0.024922 0.057236 -0.330885 0.743012 1.732405
-0.027591 0.062939 0.195419 -0.439954 0.440220
-0.015075 0.036107 0.430238 -0.900697 -0.334278
-0.004044 0.015917 0.122814 -0.123544 0.445359
-0.004520 0.023857 -0.145731 0.513186 1.384336
-0.011328 0.046603 -0.194943 0.626962 1.768547
-0.007389 0.044867 0.389876 -0.695566 0.165864
0.002758 0.031146 0.118763 -0.002769 0.998719
0.003455 0.040988 -0.083304 0.489880 1.743894
0.001192 0.058409 -0.030393 0.386137 1.877783
0.004650 0.063788 0.202440 -0.109112 1.421939
0.024974 0.032527 0.812448 -1.442165 -0.312320
0.068017 -0.047471 1.339183 -2.557147 -1.426502
0.102512 -0.104135 0.390758 -0.321877 -0.741151
0.098680 -0.073819 -0.580053 1.815815 1.581222
0.071712 0.004407 -0.769215 2.106644 2.219719
0.061126 0.040111 0.235374 -0.280065 0.854342
0.074161 0.021585 0.416196 -0.644873 0.220949
0.086947 0.005765 0.224148 -0.156083 0.715505
0.100765 -0.011396 0.466213 -0.697746 -0.151706
0.115738 -0.030308 0.283505 -0.257832 0.167351
0.113779 -0.010181 -0.379526 1.247238 1.925462
0.078887 0.083840 -1.362413 3.437882 2.789479
0.044192 0.174138 -0.379446 1.135940 3.000000
0.048020 0.178467 0.567556 -0.889821 1.961335
0.065390 0.159136 0.302264 -0.090662 2.875410
0.096928 0.114108 1.273340 -2.145644 0.615527
0.151381 0.024396 1.450397 -2.354621 -0.076777
0.228880 -0.111975 2.421547 -4.453960 -1.510314
0.009349 0.003661 -0.002168 -0.006255 0.221067
0.003092 0.017764 -0.309815 0.704169 1.267120
-0.017770 0.065141 -0.732512 1.659854 2.247089
-0.066209 0.175096 -1.685092 3.817260 3.000000
-0.003081 0.000221 0.007824 0.005511 0.205478
-0.016237 0.031580 -0.663783 1.546708 1.924010
-0.029835 0.062645 -0.019207 0.034736 1.056123
-0.031170 0.066473 -0.047468 0.155731 1.336035
-0.030408 0.067652 0.085149 -0.093011 1.103872
-0.025152 0.061015 0.177557 -0.238124 0.910143
-0.013772 0.042995 0.391182 -0.660647 0.216487
-0.003824 0.031183 0.107498 0.057801 1.111495
-0.000652 0.036638 0.051234 0.213808 1.423588
0.010800 0.023972 0.519992 -0.835010 -0.024008
0.028092 -0.000042 0.345775 -0.376818 0.292095
0.040752 -0.012008 0.287663 -0.226002 0.370973
0.069409 -0.060617 1.142751 -2.185267 -1.543565
0.134682 -0.191902 2.115915 -4.358723 -2.593436
-0.003637 0.008484 -0.000582 0.003875 0.295946
-0.002325 0.005736 0.065992 -0.139799 0.070517
-0.009150 0.022275 -0.405810 0.954540 1.535537
-0.022999 0.054449 -0.287719 0.664727 1.664771
-0.025195 0.059932 0.176147 -0.374768 0.518403
-0.012643 0.033726 0.451157 -0.933101 -0.370793
0.000357 0.009614 0.200254 -0.286210 0.159936
0.001764 0.013904 -0.128806 0.490633 1.261503
-0.006079 0.039542 -0.263339 0.792007 1.830103
-0.008312 0.052039 0.149935 -0.151172 0.969514
-0.000498 0.042925 0.240683 -0.304224 0.718469
0.010299 0.029163 0.299323 -0.385464 0.506161
0.018314 0.023820 0.102296 0.110357 1.174317
0.020965 0.031916 0.030342 0.293480 1.532705
0.024167 0.039385 0.129298 0.084409 1.410456
0.032761 0.035524 0.299935 -0.273210 0.940644
0.048207 0.017579 0.472131 -0.622725 0.331409
0.060037 0.009925 0.120853 0.226595 1.403500
0.084820 -0.027099 1.115404 -2.052917 -1.060154
0.119419 -0.084547 0.617680 -0.848862 -0.957451
0.155899 -0.146223 1.204491 -2.224142 -2.116765
-0.007856 -0.007909 -0.005962 0.007689 0.033545
-0.028033 0.038329 -1.000079 2.280821 2.104187
-0.053783 0.095192 -0.291545 0.599327 1.964174
-0.048574 0.081550 0.549562 -1.258929 -0.242086
-0.031562 0.045393 0.302607 -0.565168 0.182138
-0.023515 0.033558 0.100776 -0.036255 0.830920
-0.014049 0.020235 0.371869 -0.624314 -0.069507
-0.006510 0.013216 0.006562 0.259596 1.072152
0.004542 -0.001306 0.544448 -0.971335 -0.599496
0.006344 0.006943 -0.450925 1.352769 1.938381
0.004385 0.022750 0.349729 -0.532632 0.171183
0.013391 0.013920 0.101658 0.080815 0.946006
0.022400 0.005939 0.348106 -0.473645 0.119627
0.027192 0.008691 -0.106925 0.596772 1.541312
0.003029 0.078074 -1.098302 2.851562 2.754780
-0.034240 0.175484 -0.768541 2.051683 3.000000
0.003596 0.006985 0.002889 -0.001869 0.285772
0.005593 0.002724 0.096692 -0.209081 -0.049043
-0.005262 0.028651 -0.637247 1.486483 1.890661
-0.049547 0.130524 -1.573663 3.590234 2.790622
0.000332 0.001869 0.007242 -0.001236 0.217410
-0.011067 0.028881 -0.575558 1.338147 1.815692
-0.045417 0.107766 -1.140656 2.600875 2.679834
-0.079331 0.184430 -0.559524 1.270868 3.000000
0.007845 0.002274 0.006587 -0.000039 0.242511
-0.002300 0.026384 -0.512411 1.193398 1.734069
-0.011147 0.046568 0.067491 -0.160814 0.601991
-0.012269 0.049984 -0.122899 0.325480 1.345736
-0.008565 0.043737 0.306758 -0.625830 0.068705
0.000481 0.027584 0.146491 -0.190992 0.515638
0.000546 0.034041 -0.142287 0.505325 1.520332
-0.004334 0.052532 -0.102209 0.424034 1.682213
-0.003012 0.057582 0.167282 -0.162211 1.081666
0.007625 0.043227 0.364243 -0.552959 0.457669
0.018842 0.030204 0.197538 -0.106956 0.977126
0.027117 0.025747 0.216270 -0.116644 0.960637
0.034378 0.024901 0.147098 0.071555 1.250984
0.040735 0.027081 0.170660 0.038391 1.275662
0.049491 0.024646 0.266864 -0.157886 1.027624
0.061117 0.016765 0.314467 -0.236583 0.871839
0.072430 0.010792 0.251566 -0.065675 1.073636
0.093765 -0.017579 0.813708 -1.340543 -0.581546
0.106177 -0.023675 -0.189350 1.001520 1.830383
0.110963 -0.013545 0.426215 -0.472420 0.265554
0.127554 -0.031136 0.403770 -0.411456 0.141590
0.134119 -0.025594 -0.073931 0.674441 1.538054
0.141534 -0.023666 0.442732 -0.560365 0.018748
0.151003 -0.026901 0.032228 0.384709 1.201823
0.158795 -0.027366 0.356208 -0.397102 0.150582
0.164284 -0.023101 -0.080300 0.597263 1.441557
0.169120 -0.018773 0.320528 -0.366496 0.262424
0.180374 -0.029761 0.242629 -0.187651 0.363366
0.183397 -0.022164 -0.090475 0.558596 1.375319
0.189111 -0.022297 0.374501 -0.549717 -0.044147
0.194631 -0.022273 -0.096843 0.535651 1.325844
0.198701 -0.020094 0.298850 -0.412951 0.119762
0.204291 -0.021844 -0.018167 0.314843 1.055515
0.209654 -0.023988 0.285214 -0.412270 0.048763
0.213447 -0.022894 -0.094227 0.455031 1.177088
0.214692 -0.017105 0.155433 -0.155892 0.433831
0.219979 -0.021318 0.109141 -0.056991 0.508875
0.224702 -0.024722 0.126978 -0.113122 0.374561
0.228452 -0.026485 0.060778 0.022716 0.520609
0.229753 -0.023439 0.004381 0.128693 0.678330
0.231229 -0.021818 0.069161 -0.044899 0.438477
0.232933 -0.021480 0.016169 0.060370 0.568482
0.233667 -0.019686 0.020478 0.030084 0.528379
0.232713 -0.014744 -0.068002 0.215435 0.818449
0.229905 -0.006372 -0.072572 0.204938 0.888826
0.228027 -0.000829 -0.021630 0.075138 0.777133
0.227748 0.000764 0.007525 0.005828 0.703192
0.227941 0.001285 0.002155 0.020081 0.732306
0.227751 0.002760 -0.011644 0.053517 0.799214
0.229197 0.000513 0.083646 -0.163277 0.480444
0.229748 0.000636 -0.055553 0.164834 0.931626
0.229594 0.002332 0.047433 -0.076278 0.629321
0.231869 -0.001443 0.066307 -0.112695 0.539940
0.233765 -0.004089 0.028700 -0.021445 0.636124
0.233715 -0.002204 -0.031000 0.114177 0.841121
0.232685 0.001758 -0.020657 0.085098 0.849086
0.232849 0.002853 0.028659 -0.028537 0.712604
0.234884 -0.000232 0.073023 -0.124971 0.549606
0.236097 -0.001137 -0.012056 0.076741 0.818143
0.236580 -0.000364 0.036038 -0.036339 0.675307
0.239075 -0.004190 0.088575 -0.154074 0.470758
0.239848 -0.003848 -0.049444 0.166705 0.909484
0.239483 -0.001109 0.030846 -0.026483 0.680783
0.241027 -0.002849 0.046336 -0.060366 0.615656
0.242967 -0.005427 0.050731 -0.068925 0.573498
0.243285 -0.004230 -0.034585 0.126257 0.850240
0.243002 -0.001893 0.020200 -0.007062 0.695999
0.244349 -0.003416 0.047065 -0.068563 0.594433
0.245748 -0.005006 0.023007 -0.012045 0.652717
0.245897 -0.003755 -0.015452 0.073649 0.781594
0.245198 -0.000733 -0.019532 0.077975 0.821446
0.244781 0.001485 -0.001436 0.033990 0.790014
0.245476 0.001129 0.036076 -0.050638 0.674738
0.246125 0.001039 -0.003493 0.044769 0.807889
0.245078 0.004929 -0.048737 0.149030 0.995036
0.245125 0.006253 0.050670 -0.079331 0.712309
0.249388 -0.001864 0.162269 -0.324695 0.293565
0.249474 0.000257 -0.156830 0.420670 1.288274
0.251829 -0.003223 0.273060 -0.581272 -0.036377
0.257498 -0.013797 0.011579 0.041701 0.657544
0.256976 -0.010113 -0.037617 0.141799 0.823737
0.255915 -0.005760 -0.015598 0.077651 0.780943
0.254867 -0.001824 -0.036818 0.119304 0.878853
0.254547 0.000165 0.020566 -0.017514 0.718541
0.255928 -0.001775 0.048422 -0.078987 0.614401
0.257251 -0.003441 0.017897 -0.005717 0.696187
0.258163 -0.004148 0.027650 -0.029433 0.654498
0.259080 -0.004905 0.018255 -0.008866 0.672033
0.259108 -0.003689 -0.016743 0.068847 0.789189
0.257999 -0.000024 -0.038721 0.114478 0.891166
0.257981 0.000935 0.037559 -0.063842 0.663812
0.261077 -0.005188 0.117047 -0.241030 0.352941
0.268077 -0.020010 0.232832 -0.499361 -0.152394
0.276341 -0.037402 0.180890 -0.375460 -0.221377
0.276502 -0.036371 -0.171608 0.416112 0.804939
0.270538 -0.022845 -0.127048 0.264967 0.731875
0.263604 -0.008612 -0.219672 0.446938 1.089591
0.258279 0.000703 -0.047396 0.026569 0.653537
0.255192 0.004535 -0.106834 0.163852 0.882609
0.250803 0.011307 -0.112728 0.175939 0.980579
0.252816 0.003343 0.212393 -0.565329 -0.081188
0.255104 -0.004284 -0.096713 0.172095 0.811111
0.251640 0.001448 -0.076664 0.116412 0.799452
0.253904 -0.006266 0.189052 -0.495022 -0.107221
0.254431 -0.009415 -0.161358 0.325428 0.938087
0.249140 0.000454 -0.103603 0.172116 0.846234
0.246171 0.004494 -0.045137 0.032612 0.706714
0.245612 0.003000 0.016968 -0.105638 0.503205
0.245054 0.001818 -0.044579 0.044197 0.699058
0.242105 0.006299 -0.102767 0.178859 0.932923
0.244211 -0.000936 0.207097 -0.532090 -0.090718
0.246307 -0.007390 -0.101046 0.197848 0.805736
0.241897 0.001074 -0.119551 0.226668 0.933222
0.237057 0.010102 -0.122629 0.226501 1.037748
0.234459 0.013824 -0.007757 -0.035955 0.744909
0.234388 0.012149 0.004225 -0.047953 0.724617
0.235952 0.007306 0.073855 -0.193115 0.481820
0.238420 0.001059 0.049741 -0.121496 0.516097
0.239063 -0.000522 -0.017309 0.039890 0.722585
0.236720 0.004867 -0.099638 0.227985 1.033919
0.234198 0.010501 -0.026844 0.057216 0.883521
0.235199 0.008161 0.076594 -0.171441 0.556708
0.240091 -0.002572 0.167907 -0.364636 0.181579
0.242326 -0.006465 -0.055255 0.161822 0.849672
0.245803 -0.013373 0.228175 -0.499278 -0.116866
0.254102 -0.031153 0.187288 -0.394734 -0.207028
0.255958 -0.034079 -0.093433 0.238929 0.581084
0.251432 -0.023524 -0.132960 0.290153 0.734902
0.243502 -0.006567 -0.263487 0.557334 1.211312
0.236517 0.006877 -0.086655 0.123645 0.837692
0.235697 0.005745 0.045198 -0.176268 0.420268
0.236965 0.000250 0.018404 -0.100628 0.465844
0.235466 0.001521 -0.092966 0.160758 0.838273
0.231113 0.009316 -0.124710 0.229538 1.018743
0.232913 0.002792 0.213621 -0.546112 -0.076395
0.234605 -0.002606 -0.127655 0.263760 0.939398
0.230822 0.004612 -0.061900 0.100869 0.808663
0.229434 0.006148 -0.007700 -0.022067 0.665124
0.229226 0.005198 -0.002698 -0.025559 0.656764
0.229390 0.003698 0.010866 -0.049392 0.612951
0.229495 0.002628 -0.005503 -0.004921 0.667028
0.229646 0.001657 0.013021 -0.043320 0.606906
0.228922 0.002902 -0.049026 0.103789 0.825718
0.228459 0.003575 0.025576 -0.067589 0.604437
0.228783 0.002647 -0.009201 0.019755 0.719463
0.228734 0.002760 0.006678 -0.013617 0.679877
0.229025 0.002254 0.007871 -0.011788 0.681522
0.229295 0.001968 0.005672 -0.002714 0.695271
0.230341 0.000036 0.046517 -0.092980 0.552313
0.231140 -0.001109 -0.006341 0.033726 0.715737
0.230079 0.002082 -0.046626 0.125155 0.877418
0.230329 0.002148 0.058739 -0.118412 0.550687
0.236315 -0.010801 0.240153 -0.525878 -0.129552
0.238101 -0.013425 -0.149354 0.381405 1.023280
0.234052 -0.003203 -0.053695 0.135187 0.817243
0.231422 0.003158 -0.077852 0.183416 0.952795
0.230394 0.005583 0.026030 -0.058270 0.661626
0.231737 0.002744 0.041145 -0.083912 0.600964
0.233816 -0.001452 0.062839 -0.126099 0.498315
0.233984 -0.000950 -0.054040 0.147476 0.878070
0.232644 0.002921 -0.013222 0.048226 0.791985
0.232130 0.004850 -0.012472 0.048572 0.820705
0.233791 0.001874 0.095205 -0.194529 0.459815
0.237264 -0.004877 0.078637 -0.145039 0.452749
0.238115 -0.005294 -0.035659 0.120341 0.808809
0.237210 -0.001868 -0.009781 0.052597 0.754728
0.236174 0.001668 -0.041950 0.123927 0.892245
0.240442 -0.007169 0.254447 -0.557978 -0.108359
0.243629 -0.012891 -0.093745 0.259245 0.899185
0.240960 -0.005478 -0.040046 0.114941 0.785158
0.244607 -0.013184 0.221573 -0.493258 -0.121006
0.246271 -0.016012 -0.137021 0.339586 0.937122
0.242760 -0.007574 -0.039054 0.087542 0.692062
0.239374 -0.000053 -0.130075 0.287187 1.031948
0.235125 0.008977 -0.082725 0.167793 0.985698
0.234052 0.010553 0.028632 -0.085115 0.675099
0.236760 0.003844 0.106653 -0.249368 0.383434
0.238452 0.000162 -0.021535 0.060173 0.771092
0.237560 0.002612 -0.023081 0.062791 0.805667
0.237151 0.003951 0.002531 0.005231 0.748306
0.238579 0.001194 0.068663 -0.141572 0.520416
0.241534 -0.004760 0.079186 -0.157073 0.432354
0.242242 -0.005263 -0.043354 0.127829 0.813711
0.241566 -0.002785 0.009306 -0.001616 0.664192
0.241108 -0.000951 -0.032072 0.092325 0.812660
0.239682 0.002995 -0.039293 0.105578 0.877593
0.239053 0.005021 0.007628 -0.002327 0.761420
0.240601 0.002180 0.069638 -0.138390 0.548897
0.243471 -0.003345 0.073969 -0.138942 0.487882
0.244275 -0.003818 -0.033406 0.111687 0.824110
0.243909 -0.001742 0.014921 -0.005832 0.687879
0.243677 -0.000056 -0.026413 0.089125 0.837126
0.242034 0.004805 -0.055722 0.153967 0.981340
0.241569 0.006856 0.032109 -0.048174 0.742352
0.244196 0.002030 0.099104 -0.192058 0.498308
0.248954 -0.007230 0.138859 -0.271674 0.286579
0.247998 -0.002894 -0.185588 0.478846 1.298796
0.247139 0.000605 0.141366 -0.292398 0.346263
0.250628 -0.005760 0.033610 -0.030781 0.632479
0.256183 -0.016760 0.243589 -0.514590 -0.136151
0.258600 -0.020191 -0.121360 0.330460 0.923141
0.252471 -0.004690 -0.185204 0.446043 1.211864
0.248660 0.004349 -0.006175 0.013761 0.771067
0.245804 0.011020 -0.136268 0.316863 1.240902
0.244689 0.013599 0.079696 -0.180393 0.634688
0.249470 0.003160 0.159268 -0.341385 0.312205
0.250104 0.003177 -0.126488 0.332761 1.208332
0.248254 0.008836 0.033256 -0.043371 0.796550
0.248078 0.010813 -0.041810 0.140043 1.075564
0.250448 0.007166 0.159699 -0.316721 0.433062
0.253427 0.002843 -0.010045 0.093966 0.950179
0.254899 0.002262 0.083345 -0.120125 0.660924
0.258697 -0.003425 0.106582 -0.164734 0.539701
0.261912 -0.007463 0.054444 -0.039728 0.664022
0.263512 -0.007783 0.025636 0.022808 0.741617
0.264966 -0.007994 0.046995 -0.032643 0.659173
0.265906 -0.007211 0.000145 0.070480 0.803433
0.266366 -0.005611 0.022732 0.010689 0.737226
0.268547 -0.008204 0.086158 -0.138744 0.499761
0.270189 -0.009568 -0.003722 0.067385 0.759860
0.271453 -0.010345 0.066662 -0.103984 0.509620
0.272973 -0.011912 0.009586 0.023518 0.657857
0.273735 -0.012053 0.028403 -0.029850 0.573049
0.273885 -0.011129 -0.020743 0.074764 0.716057
0.273819 -0.010147 0.017264 -0.024089 0.582984
0.274215 -0.010561 0.002600 0.002933 0.606171
0.274170 -0.010263 -0.004853 0.011894 0.612250
0.273394 -0.008612 -0.033854 0.070145 0.701360
0.273247 -0.008788 0.026264 -0.076944 0.489649
0.272629 -0.008066 -0.056875 0.110561 0.745812
0.272278 -0.008312 0.038959 -0.119658 0.419903
0.272944 -0.011040 -0.005436 -0.018732 0.518490
0.276195 -0.019951 0.167515 -0.422890 -0.137975
0.278131 -0.025779 -0.069758 0.122637 0.505419
0.272400 -0.014643 -0.216483 0.432061 0.999996
0.265482 -0.002043 -0.130007 0.203638 0.845262
0.261278 0.003595 -0.080510 0.081101 0.745050
0.257348 0.008493 -0.115937 0.163597 0.914072
0.253335 0.013617 -0.084918 0.094625 0.890835
0.252433 0.011825 0.039411 -0.180709 0.507937
0.253648 0.005855 0.021519 -0.119823 0.533866
0.254193 0.002046 0.005870 -0.072049 0.561204
0.254107 0.000044 -0.010062 -0.029097 0.599237
0.252806 0.001013 -0.054816 0.076301 0.755035
0.255643 -0.007578 0.195928 -0.499480 -0.112856
0.255878 -0.009615 -0.182748 0.384781 1.020140
0.250727 0.000268 -0.075444 0.115142 0.781851
0.247492 0.005296 -0.086341 0.136946 0.869680
0.244616 0.009433 -0.057667 0.071611 0.836724
0.242000 0.013141 -0.073116 0.113957 0.946553
0.240937 0.013557 0.019621 -0.090203 0.690154
0.243311 0.006642 0.098993 -0.254628 0.398739
0.249867 -0.009137 0.228639 -0.533530 -0.133022
0.251929 -0.013728 -0.124183 0.291480 0.896498
0.248738 -0.006677 -0.035848 0.065630 0.667848
0.246874 -0.003215 -0.057344 0.107602 0.759098
0.244172 0.001899 -0.077795 0.148502 0.870537
0.241249 0.007320 -0.068479 0.124002 0.904097
0.240148 0.008538 0.013124 -0.060312 0.677947
0.242193 0.002858 0.088989 -0.222498 0.398231
0.246299 -0.007003 0.116419 -0.271807 0.219582
0.246734 -0.007952 -0.093910 0.217262 0.867338
0.243725 -0.001315 -0.056833 0.117304 0.805877
0.241262 0.003706 -0.066385 0.134507 0.887021
0.238903 0.008365 -0.051687 0.099889 0.900666
0.238468 0.008675 0.029630 -0.081795 0.668251
0.242012 0.000223 0.147327 -0.338855 0.230001
0.243748 -0.003363 -0.059668 0.151952 0.857364
0.241200 0.002907 -0.067831 0.162646 0.942306
0.240220 0.005333 0.018458 -0.038041 0.706414
0.241923 0.001748 0.066604 -0.140507 0.531021
0.244955 -0.004523 0.085084 -0.173801 0.415338
0.246124 -0.006194 -0.026223 0.086273 0.750254
0.250088 -0.014489 0.223698 -0.494518 -0.125398
0.251633 -0.016917 -0.145103 0.360591 0.962074
0.246715 -0.005172 -0.101211 0.230817 0.918179
0.244658 -0.000831 -0.002060 -0.009547 0.643858
0.243305 0.001746 -0.065416 0.136882 0.872444
0.241437 0.005420 -0.028203 0.048774 0.800839
0.241905 0.003765 0.051346 -0.129328 0.544469
0.244194 -0.001724 0.063166 -0.146012 0.462322
0.243749 -0.000559 -0.084896 0.199669 0.944005
0.241096 0.005535 -0.048001 0.107534 0.895300
0.240596 0.006582 0.022725 -0.052747 0.698500
0.243532 -0.000010 0.123881 -0.275006 0.325543
0.245995 -0.004952 -0.000186 0.022715 0.677766
0.250506 -0.014562 0.225124 -0.497814 -0.129500
0.251012 -0.014590 -0.198332 0.482682 1.129565
0.244113 0.001620 -0.147160 0.333089 1.124129
0.240701 0.008959 -0.024027 0.039482 0.836338
0.242336 0.004697 0.105405 -0.249406 0.401817
0.249173 -0.010972 0.236296 -0.533136 -0.136237
0.250980 -0.014284 -0.144515 0.354363 0.982757
0.247492 -0.005984 -0.030459 0.066349 0.692469
0.244878 -0.000249 -0.100131 0.219378 0.956418
0.242531 0.004506 -0.017619 0.022084 0.751632
0.241433 0.006386 -0.037208 0.071609 0.846941
0.239880 0.009477 -0.040524 0.083396 0.907138
0.240367 0.008063 0.064572 -0.151104 0.582956
0.244079 -0.000263 0.120983 -0.265231 0.339841
0.246831 -0.005765 0.017117 -0.014476 0.621013
0.246913 -0.005011 -0.012942 0.051378 0.716151
0.245682 -0.001421 -0.048526 0.127763 0.857546
0.249464 -0.009650 0.236749 -0.531583 -0.112705
0.252903 -0.016606 -0.063567 0.172489 0.732602
0.250450 -0.010355 -0.059246 0.141765 0.748576
0.248598 -0.006176 -0.033564 0.069003 0.689755
0.247076 -0.003153 -0.042536 0.082566 0.738266
0.244383 0.002334 -0.092087 0.191314 0.943632
0.246997 -0.004676 0.221808 -0.532990 -0.096113
0.255156 -0.023878 0.186671 -0.432353 -0.199672
0.256005 -0.025869 -0.142985 0.321768 0.761212
0.248255 -0.009064 -0.244540 0.519059 1.153889
0.243180 0.000182 -0.010250 -0.046990 0.534032
0.240922 0.002651 -0.102378 0.167920 0.854832
0.237099 0.008652 -0.088950 0.133838 0.882402
0.235679 0.009122 0.017592 -0.106874 0.569513
0.236634 0.004569 0.030179 -0.121459 0.505577
0.237362 0.001049 0.006406 -0.056146 0.559794
0.235561 0.003659 -0.096123 0.183786 0.916587
0.233502 0.006803 -0.007245 -0.023063 0.680352
0.233090 0.006337 -0.013277 -0.000625 0.714086
0.233450 0.004401 0.031134 -0.095225 0.568875
0.234763 0.000639 0.034600 -0.093641 0.532660
0.235469 -0.001407 0.000891 -0.010272 0.625889
0.234088 0.001471 -0.069785 0.152454 0.879653
0.230851 0.008503 -0.092091 0.199904 1.025223
0.231537 0.006395 0.125652 -0.298728 0.336856
0.234892 -0.001254 0.042560 -0.088182 0.543630
0.234131 0.001003 -0.080223 0.197488 0.956444
0.232904 0.004180 0.018447 -0.034789 0.685844
0.235407 -0.001150 0.106524 -0.229992 0.360947
0.237029 -0.004019 -0.024870 0.081577 0.756187
0.235781 -0.000293 -0.037600 0.105161 0.829522
0.235013 0.002135 -0.000965 0.017904 0.742106
0.235895 0.000775 0.044942 -0.084701 0.589784
0.237629 -0.002337 0.041810 -0.071703 0.574288
0.237142 -0.000161 -0.065777 0.177448 0.936291
0.235592 0.004293 -0.012019 0.047955 0.818738
0.236337 0.003442 0.049050 -0.088755 0.629002
0.238999 -0.001546 0.084066 -0.160653 0.477482
0.242295 -0.007658 0.080871 -0.146351 0.425964
0.244679 -0.011510 0.038533 -0.048410 0.509999
0.244557 -0.009737 -0.044353 0.134844 0.771226
0.242829 -0.004728 -0.042200 0.116881 0.797580
0.240535 0.001176 -0.072510 0.178627 0.944383
0.237954 0.007460 -0.056743 0.137397 0.966563
0.238021 0.007589 0.059697 -0.127237 0.620216
0.242428 -0.001871 0.160478 -0.344549 0.225177
0.245167 -0.006817 -0.022756 0.090132 0.759628
0.244146 -0.003139 -0.028335 0.094437 0.803712
0.243187 0.000117 -0.019744 0.069376 0.807236
0.247772 -0.009560 0.248263 -0.546495 -0.117339
0.250417 -0.014197 -0.114645 0.301808 0.939010
0.247657 -0.006867 -0.023825 0.069396 0.707209
0.246905 -0.004718 -0.013863 0.038910 0.685513
0.246219 -0.002950 -0.020475 0.049662 0.717699
0.245415 -0.001071 -0.019756 0.044734 0.731673
0.244544 0.000871 -0.023805 0.052643 0.765811
0.245302 -0.000979 0.061430 -0.142760 0.478248
0.245319 -0.000901 -0.060121 0.142666 0.869086
0.242696 0.005185 -0.071154 0.162554 0.966221
0.241182 0.008574 -0.004849 0.009745 0.809877
0.243990 0.002207 0.144850 -0.324691 0.290217
0.246872 -0.003667 -0.000057 0.024931 0.703199
0.245626 0.000143 -0.062107 0.164342 0.932349
0.243740 0.005207 -0.032438 0.090915 0.896866
0.243624 0.006148 0.026450 -0.041807 0.736535
0.246556 0.000331 0.119935 -0.247337 0.395720
0.248901 -0.003619 -0.002160 0.044986 0.752877
0.249719 -0.003988 0.042916 -0.062049 0.601018
0.247124 0.003508 -0.172062 0.431438 1.310092
0.244849 0.009793 0.057350 -0.108343 0.704885
0.250660 -0.002348 0.232818 -0.495718 0.064439
0.253281 -0.006246 -0.100477 0.289062 1.057488
0.256349 -0.011420 0.252696 -0.537196 -0.091683
0.260269 -0.018265 -0.055441 0.183435 0.772985
0.257268 -0.009600 -0.094671 0.250601 0.942687
0.254035 -0.001246 -0.067256 0.169890 0.927111
0.252513 0.002691 -0.009117 0.029700 0.787312
0.252362 0.003435 0.001520 0.007961 0.771612
0.253752 0.000769 0.067792 -0.139743 0.543761
0.260054 -0.012931 0.246918 -0.542289 -0.133961
0.262670 -0.017524 -0.114724 0.299858 0.910011
0.264214 -0.020278 0.190881 -0.427873 -0.109735
0.266014 -0.023834 -0.099773 0.239946 0.724474
0.259279 -0.008537 -0.236843 0.523990 1.209277
0.252744 0.004995 -0.090732 0.160390 0.920919
0.249057 0.011506 -0.093723 0.166386 1.009272
0.246145 0.016303 -0.052087 0.075669 0.959046
0.250413 0.004913 0.264589 -0.637425 -0.086092
0.255465 -0.007061 -0.010726 0.027013 0.646308
0.254731 -0.005401 -0.025952 0.055916 0.699244
0.252679 -0.000943 -0.076607 0.166313 0.894190
0.250058 0.004535 -0.054629 0.109461 0.883210
0.247577 0.009600 -0.069443 0.144326 0.993602
0.245072 0.014805 -0.055932 0.117315 1.030000
0.246017 0.012332 0.102659 -0.236465 0.540116
0.251366 0.000489 0.164850 -0.356353 0.256753
0.254166 -0.004611 -0.024092 0.094046 0.811523
0.253103 -0.000767 -0.029092 0.098842 0.860394
0.252597 0.001588 0.003594 0.020480 0.784390
0.253443 0.000824 0.038617 -0.057771 0.673089
0.254676 -0.000664 0.023105 -0.017493 0.714515
0.254676 0.000805 -0.022947 0.089750 0.878597
0.259610 -0.009164 0.268773 -0.580747 -0.112962
0.262483 -0.013765 -0.123567 0.336857 1.023841
0.260031 -0.006593 0.000332 0.027491 0.693227
0.259255 -0.003787 -0.039054 0.112190 0.835437
0.258691 -0.001753 0.010621 -0.008414 0.694552
0.258582 -0.000851 -0.015987 0.052878 0.788772
0.258417 0.000132 0.007622 -0.002782 0.726094
0.259125 -0.000877 0.027762 -0.047224 0.655900
0.264589 -0.012761 0.244897 -0.542358 -0.129245
0.266870 -0.016765 -0.129460 0.329102 0.957026
0.261475 -0.003700 -0.140502 0.326764 1.085319
0.258285 0.003400 -0.019586 0.033719 0.787777
0.258887 0.001609 0.049441 -0.121435 0.559633
0.261099 -0.003612 0.061240 -0.140352 0.475521
0.266695 -0.016389 0.218237 -0.496066 -0.139708
0.267921 -0.018683 -0.155538 0.368773 0.956667
0.261926 -0.005128 -0.144524 0.312444 1.022629
0.258799 0.000870 -0.012451 -0.006856 0.669841
0.259036 -0.001048 0.024199 -0.088316 0.536844
0.259060 -0.002303 -0.022792 0.023762 0.675947
0.256373 0.002714 -0.111362 0.225254 0.998822
0.251947 0.011514 -0.110079 0.216623 1.091574
0.250904 0.012446 0.057277 -0.164467 0.607069
0.253968 0.004500 0.095972 -0.233456 0.434131
0.258165 -0.005324 0.114025 -0.259320 0.290112
0.260232 -0.009748 -0.010110 0.033099 0.634858
0.260082 -0.009189 0.002506 -0.004515 0.580981
0.259083 -0.006964 -0.052301 0.114575 0.760714
0.257290 -0.003282 -0.037452 0.070862 0.738745
0.255675 -0.000275 -0.043361 0.079928 0.783807
0.259164 -0.009196 0.217053 -0.519338 -0.115554
0.260512 -0.012656 -0.148277 0.333694 0.960813
0.256255 -0.003702 -0.065076 0.118773 0.775355
0.252928 0.002567 -0.101265 0.194842 0.944466
0.249268 0.009342 -0.081919 0.145963 0.962562
0.245468 0.016447 -0.108160 0.209790 1.135371
0.248685 0.007539 0.267882 -0.644991 -0.062456
0.254336 -0.005763 0.015892 -0.031348 0.587076
0.253359 -0.003336 -0.064505 0.150646 0.857350
0.250558 0.003024 -0.075687 0.168344 0.951933
0.249026 0.006223 -0.001239 -0.005332 0.762505
0.246781 0.011229 -0.110712 0.252994 1.164514
0.244707 0.015895 0.006516 -0.014978 0.885073
0.247033 0.010859 0.109545 -0.234742 0.545483
0.250419 0.004226 0.060114 -0.100102 0.666532
0.252087 0.002130 0.023444 -0.006440 0.777795
0.254074 -0.000477 0.075778 -0.122745 0.593634
0.256674 -0.004248 0.054378 -0.067358 0.628272
0.257138 -0.002972 -0.030877 0.128679 0.906818
0.257663 -0.002039 0.056761 -0.078941 0.637406
0.260704 -0.006906 0.095267 -0.164193 0.464310
0.262049 -0.007711 -0.027596 0.119821 0.837583
0.260954 -0.003167 -0.027222 0.108403 0.869935
0.261828 -0.003499 0.070579 -0.121830 0.552837
0.264269 -0.007401 0.051585 -0.074719 0.570848
0.264486 -0.006158 -0.040394 0.134211 0.863339
0.263016 -0.001339 -0.033260 0.108075 0.880674
0.262991 -0.000132 0.031769 -0.045357 0.688865
0.265628 -0.005029 0.099925 -0.198311 0.424285
0.268118 -0.009345 0.024906 -0.020851 0.614140
0.269043 -0.010135 0.021392 -0.018810 0.600161
0.268885 -0.008681 -0.029139 0.090234 0.756973
0.267697 -0.005236 -0.030346 0.082831 0.780008
0.267789 -0.005085 0.034707 -0.073079 0.565533
0.268365 -0.006120 -0.005782 0.019805 0.677159
0.272651 -0.015862 0.219460 -0.501488 -0.131112
0.274438 -0.019541 -0.128757 0.305466 0.877748
0.268610 -0.006382 -0.162807 0.354393 1.066243
0.265576 -0.000673 0.010336 -0.061999 0.582403
0.265744 -0.002507 -0.001854 -0.030504 0.604120
0.264729 -0.001540 -0.048740 0.077549 0.760819
0.262884 0.001247 -0.043596 0.062552 0.772202
0.261524 0.002854 -0.024504 0.018723 0.733695
0.260499 0.003768 -0.026718 0.027067 0.759652
0.260507 0.002437 0.026929 -0.092207 0.585658
0.263051 -0.004475 0.100175 -0.252518 0.288449
0.265964 -0.011850 0.045787 -0.119545 0.378999
0.265281 -0.010893 -0.079479 0.163609 0.765294
0.262846 -0.006396 -0.042504 0.063536 0.672381
0.261359 -0.004493 -0.031974 0.032420 0.645888
0.259025 -0.000843 -0.084603 0.149165 0.841211
0.254979 0.006519 -0.117700 0.219417 1.015914
0.251631 0.012088 -0.050062 0.062325 0.882908
0.251473 0.010510 0.041866 -0.138728 0.603949
0.257117 -0.003851 0.239958 -0.576035 -0.117046
0.258716 -0.007889 -0.158495 0.360216 1.055740
0.254772 0.000520 -0.039345 0.066018 0.769051
0.253487 0.002468 -0.024987 0.032241 0.747782
0.252508 0.003754 -0.023991 0.032300 0.766776
0.251186 0.005948 -0.042052 0.077208 0.858203
0.255208 -0.004076 0.242323 -0.571275 -0.105534
0.259482 -0.013892 -0.027452 0.069518 0.620713
0.257191 -0.008646 -0.086997 0.192069 0.832414
0.253026 0.000304 -0.121333 0.256307 1.009007
0.249408 0.007485 -0.059910 0.106287 0.899645
0.245537 0.015204 -0.133541 0.278792 1.214057
0.244025 0.017543 0.057228 -0.155280 0.689292
0.247614 0.008832 0.122182 -0.280273 0.437435
0.255345 -0.008480 0.264206 -0.584486 -0.133422
0.259111 -0.015698 -0.074527 0.210985 0.821624
0.256574 -0.008747 -0.052542 0.138933 0.792902
0.255321 -0.005414 -0.010370 0.029928 0.677409
0.254761 -0.003980 -0.017616 0.041890 0.706517
0.253724 -0.001620 -0.034221 0.076093 0.777892
0.251245 0.003915 -0.089666 0.200012 1.004414
0.249642 0.007237 0.009116 -0.030009 0.743396
0.247227 0.012649 -0.129483 0.297061 1.236598
0.245794 0.015845 0.057145 -0.130613 0.732150
0.249703 0.007319 0.138167 -0.295033 0.427983
0.251047 0.005632 -0.070157 0.203322 1.088024
0.251295 0.006642 0.081994 -0.147655 0.640687
0.256659 -0.003782 0.186060 -0.372479 0.227353
0.261098 -0.011417 0.036609 -0.015789 0.619428
0.261288 -0.009266 -0.026934 0.121805 0.821959
0.261171 -0.006871 0.020862 0.000168 0.679030
0.262566 -0.008253 0.048802 -0.068583 0.564065
0.263261 -0.008145 -0.013827 0.072023 0.751349
0.262917 -0.005933 -0.003501 0.039439 0.727046
0.262058 -0.002812 -0.039381 0.116182 0.862486
0.260973 0.000569 -0.015048 0.054392 0.818666
0.265819 -0.009853 0.256603 -0.568789 -0.117247
0.269791 -0.017661 -0.056713 0.166489 0.751355
0.267683 -0.011826 -0.048854 0.126963 0.749819
0.266027 -0.007744 -0.034108 0.078584 0.721474
0.264400 -0.004184 -0.047239 0.099863 0.784822
0.267753 -0.012440 0.214067 -0.505812 -0.119590
0.269238 -0.016026 -0.138440 0.314291 0.910839
0.264614 -0.006134 -0.093146 0.184082 0.842189
0.266530 -0.012062 0.188011 -0.472462 -0.110621
0.268534 -0.017943 -0.086714 0.168225 0.665490
0.263591 -0.008270 -0.160390 0.315308 0.947195
0.259173 -0.000702 -0.061019 0.068040 0.703755
0.256330 0.002900 -0.081145 0.112145 0.804104
0.252441 0.008843 -0.113295 0.185175 0.971269
0.248116 0.015781 -0.103139 0.163428 1.032034
0.245725 0.018467 -0.016740 -0.025928 0.829124
0.247091 0.013120 0.084793 -0.239473 0.494227
0.248762 0.008018 -0.000771 -0.019753 0.751120
0.246756 0.011986 -0.099282 0.215667 1.116442
0.245294 0.014852 0.025713 -0.067832 0.790516
0.248478 0.007526 0.133281 -0.296692 0.410504
0.249184 0.006801 -0.097152 0.252611 1.145545
0.247523 0.011671 0.013610 -0.004519 0.878303
0.248885 0.009849 0.054393 -0.085828 0.762017
0.256089 -0.004905 0.305233 -0.646934 -0.113696
0.262208 -0.016137 0.002027 0.072984 0.686588
0.262974 -0.015134 0.036125 -0.021332 0.555501
0.262863 -0.012617 -0.041453 0.145328 0.797720
0.266557 -0.019506 0.225290 -0.482307 -0.128812
0.268599 -0.022554 -0.121856 0.318043 0.877013
0.263444 -0.009874 -0.136158 0.318441 0.999205
0.260547 -0.003488 -0.009280 0.006527 0.656012
0.260149 -0.003205 -0.010608 0.007653 0.658377
0.258694 -0.000553 -0.062035 0.123860 0.844003
0.256340 0.004006 -0.055788 0.105242 0.872777
0.255035 0.006075 -0.009671 0.000109 0.761002
0.256229 0.002568 0.069177 -0.173718 0.489119
0.259387 -0.005037 0.088839 -0.207563 0.357467
0.261437 -0.009723 0.014018 -0.030167 0.542234
0.260712 -0.008077 -0.050069 0.110814 0.744954
0.259242 -0.005100 -0.023595 0.039607 0.676050
0.258761 -0.004686 -0.000556 -0.018000 0.597616
0.257933 -0.003582 -0.040713 0.072128 0.729752
0.255467 0.001132 -0.082556 0.163261 0.902950
0.252391 0.007030 -0.071405 0.133234 0.933939
0.250117 0.011041 -0.042458 0.068994 0.904067
0.247627 0.015793 -0.082017 0.168171 1.100662
0.248034 0.014153 0.101794 -0.244703 0.545225
0.255660 -0.003316 0.279235 -0.626843 -0.120228
0.260131 -0.012332 -0.054269 0.163133 0.806022
0.259107 -0.008809 0.002773 0.015774 0.637760
0.258384 -0.006395 -0.038867 0.104149 0.778538
0.258144 -0.005455 0.026620 -0.054714 0.568067
0.259063 -0.007321 0.019372 -0.039163 0.563404
0.263592 -0.017623 0.206614 -0.471884 -0.137039
0.264453 -0.019225 -0.162226 0.379488 0.950897
0.256771 -0.001982 -0.222025 0.484572 1.241336
0.251317 0.009002 -0.051517 0.072622 0.862159
0.254979 -0.001190 0.233833 -0.575140 -0.100474
0.258811 -0.010866 -0.041069 0.080184 0.650243
0.256660 -0.006732 -0.066442 0.126657 0.750571
0.253184 0.000008 -0.107359 0.210502 0.932059
0.250094 0.005471 -0.047505 0.065771 0.805482
0.247971 0.008680 -0.058639 0.094909 0.888428
0.251527 -0.001061 0.235603 -0.574485 -0.098521
0.253503 -0.006260 -0.135365 0.301202 0.991871
0.249035 0.003222 -0.088416 0.176542 0.937145
0.246605 0.007643 -0.033380 0.047205 0.821779
0.247103 0.005419 0.058009 -0.155975 0.526665
0.247629 0.003605 -0.031307 0.061860 0.811192
0.245648 0.007798 -0.067703 0.147409 0.978507
0.245182 0.008543 0.043977 -0.106436 0.655229
0.247738 0.002735 0.083821 -0.184055 0.491431
0.247962 0.002860 -0.072058 0.185189 0.996866
0.251728 -0.005188 0.259336 -0.578504 -0.095518
0.255636 -0.012889 -0.062630 0.181259 0.812900
0.254897 -0.010100 0.025297 -0.038189 0.536725
0.254908 -0.009431 -0.024599 0.070260 0.684472
0.252402 -0.003315 -0.100547 0.234409 0.963376
0.250023 0.002006 -0.018818 0.035509 0.761180
0.247342 0.007912 -0.115007 0.257842 1.121645
0.245203 0.012460 0.007554 -0.025560 0.814760
0.247057 0.008135 0.084972 -0.189255 0.555161
0.249291 0.003619 0.027042 -0.039521 0.718900
0.247983 0.007691 -0.092069 0.240028 1.139189
0.246999 0.010994 0.042296 -0.069878 0.781572
0.248982 0.007825 0.056887 -0.088953 0.733310
0.249409 0.008794 -0.035189 0.134501 1.055127
0.249310 0.011210 0.029948 -0.011179 0.903275
0.250071 0.012017 0.008169 0.050819 1.010923
0.252693 0.008946 0.122618 -0.201443 0.650907
0.261871 -0.008590 0.335860 -0.672214 -0.124025
0.269906 -0.022473 0.067175 -0.033719 0.521643
0.270724 -0.019850 -0.026015 0.162635 0.798473
0.270827 -0.016476 0.030881 0.008880 0.613523
0.270614 -0.013052 -0.041396 0.160886 0.843705
0.268357 -0.005592 -0.071522 0.212838 0.985581
0.267155 -0.001192 0.011041 0.010897 0.767095
0.267472 -0.000470 0.004824 0.025114 0.796295
0.272962 -0.011703 0.268948 -0.580488 -0.121698
0.282843 -0.032509 0.225695 -0.465546 -0.233498
0.284918 -0.035181 -0.120685 0.320345 0.743901
0.281530 -0.026614 -0.049170 0.112588 0.532624
0.276326 -0.015198 -0.210724 0.455681 1.068539
0.275106 -0.014313 0.148364 -0.399287 -0.059311
0.275363 -0.017010 -0.134414 0.254704 0.773497
0.270641 -0.008861 -0.102019 0.155734 0.719199
0.271386 -0.014063 0.138523 -0.408917 -0.115392
0.273663 -0.022703 -0.023935 -0.030149 0.272960
0.269168 -0.016092 -0.200325 0.356584 0.841194
0.266841 -0.015572 0.082887 -0.320971 -0.085783
0.265796 -0.018277 -0.134302 0.178164 0.545301
0.259573 -0.009664 -0.176856 0.253166 0.722325
0.252637 -0.000249 -0.170209 0.219906 0.774356
0.244533 0.011350 -0.235002 0.360340 1.077474
0.237562 0.020032 -0.114107 0.079491 0.830313
0.235252 0.018323 -0.001769 -0.161905 0.497311
0.233861 0.015417 -0.067459 0.013599 0.723309
0.231917 0.014515 -0.029818 -0.057909 0.629237
0.229650 0.015031 -0.083357 0.081870 0.840873
0.227358 0.016120 -0.031425 -0.025663 0.723019
0.230869 0.004430 0.206374 -0.553760 -0.097540
0.238379 -0.015345 0.169690 -0.440488 -0.184378
0.237829 -0.015834 -0.195850 0.404068 0.916181
0.229847 0.000017 -0.203585 0.391781 1.062709
0.222450 0.013609 -0.166679 0.291929 1.096070
0.220334 0.014766 0.060040 -0.226574 0.429942
0.221720 0.008569 0.009597 -0.086451 0.566331
0.224076 0.000827 0.108028 -0.299232 0.191759
0.222204 0.003503 -0.200589 0.423432 1.176897
0.216549 0.014646 -0.082802 0.139927 0.961149
0.217124 0.011424 0.110948 -0.295571 0.345689
0.218791 0.006529 -0.026994 0.045117 0.770158
0.220914 0.001039 0.132721 -0.315641 0.218826
0.220900 0.001070 -0.132501 0.308415 1.059984
0.222691 -0.003227 0.220891 -0.512595 -0.075620
0.225618 -0.009607 -0.073342 0.182546 0.778354
0.221988 -0.001020 -0.108236 0.247604 0.953561
0.224038 -0.006083 0.209683 -0.491357 -0.092893
0.226519 -0.011692 -0.084453 0.200071 0.763956
0.222613 -0.002849 -0.110943 0.243235 0.911412
0.218515 0.005836 -0.094206 0.193396 0.945872
0.218211 0.005516 0.078400 -0.203875 0.408809
0.219726 0.001435 -0.002248 -0.003782 0.644843
0.223918 -0.008547 0.211295 -0.490460 -0.120153
0.225992 -0.013077 -0.106351 0.252599 0.813928
0.222510 -0.005212 -0.068067 0.143754 0.749708
0.218903 0.002376 -0.112312 0.235867 0.953888
0.216323 0.007234 -0.017105 0.011126 0.715784
0.217791 0.002860 0.090184 -0.227338 0.343541
0.218894 -0.000145 -0.034475 0.072285 0.726104
0.218825 -0.000322 0.030772 -0.079041 0.516813
0.217697 0.002067 -0.086797 0.195122 0.918167
0.217867 0.001335 0.094667 -0.225936 0.339010
0.217883 0.001283 -0.093153 0.217077 0.944565
0.217442 0.002219 0.070469 -0.164716 0.440517
0.217881 0.001360 -0.048080 0.117644 0.822831
0.221442 -0.006662 0.225313 -0.511524 -0.109688
0.223658 -0.011013 -0.113191 0.281968 0.891547
0.221233 -0.005038 -0.008581 0.021647 0.604885
0.220126 -0.002491 -0.046658 0.104996 0.745086
0.217339 0.003718 -0.092689 0.205310 0.948865
0.218108 0.001486 0.130403 -0.310142 0.227148
0.224781 -0.013923 0.203305 -0.461202 -0.143892
0.226404 -0.017105 -0.120943 0.290859 0.813495
0.222322 -0.007783 -0.083485 0.178650 0.758675
0.218324 0.000597 -0.116464 0.241126 0.929967
0.215422 0.005988 -0.029066 0.032462 0.717686
0.218165 -0.001627 0.165665 -0.408530 0.035225
0.220780 -0.008300 -0.034045 0.066881 0.602494
0.216807 0.000222 -0.164336 0.356796 1.068922
0.217394 -0.002364 0.192480 -0.474898 -0.064198
0.220692 -0.010737 -0.026658 0.047229 0.537937
0.216341 -0.001474 -0.190458 0.412619 1.104555
0.209152 0.013638 -0.169423 0.346922 1.196223
0.210019 0.009796 0.211525 -0.527500 0.015105
0.211758 0.004950 -0.123257 0.272971 1.036483
0.213939 -0.000706 0.231170 -0.545394 -0.107999
0.219823 -0.014199 0.063890 -0.137669 0.264389
0.214900 -0.002526 -0.308940 0.711761 1.417365
0.203983 0.021901 -0.237661 0.517137 1.488284
0.198705 0.032742 -0.027218 0.033932 1.066768
0.200586 0.027834 0.120890 -0.275978 0.624436
0.206448 0.015231 0.172319 -0.355526 0.402825
0.212422 0.003788 0.126814 -0.220792 0.470581
0.220577 -0.011847 0.280698 -0.559282 -0.136691
0.225935 -0.020296 -0.011561 0.125496 0.661380
0.226774 -0.018742 0.053200 -0.045100 0.426573
0.227297 -0.017104 -0.026837 0.124958 0.663079
0.225492 -0.010819 -0.063414 0.189586 0.807493
0.222545 -0.002640 -0.084052 0.220567 0.933519
0.219490 0.005237 -0.068880 0.175473 0.965885
0.221443 0.001334 0.165759 -0.363810 0.196910
0.222378 0.000349 -0.117950 0.304962 1.084642
0.224916 -0.004475 0.243635 -0.535339 -0.077720
0.229249 -0.012911 -0.025862 0.102924 0.670958
0.227617 -0.007720 -0.055731 0.156893 0.792969
0.223928 0.001663 -0.128643 0.311917 1.091941
0.221929 0.006625 0.028019 -0.057624 0.668348
0.225559 -0.001268 0.153197 -0.334716 0.206138
0.226803 -0.003038 -0.090107 0.237823 0.961130
0.224228 0.003837 -0.038952 0.109129 0.872419
0.225117 0.002543 0.082991 -0.170185 0.481503
0.227154 -0.001057 0.019157 -0.012754 0.661811
0.227114 0.000317 -0.021015 0.080450 0.806714
0.227476 0.000715 0.038887 -0.058556 0.624549
0.227763 0.001403 -0.024327 0.091033 0.840436
0.227259 0.003927 -0.001004 0.036427 0.800821
0.228931 0.001496 0.084341 -0.155782 0.515302
0.235700 -0.012368 0.253805 -0.534836 -0.134179
0.237337 -0.013764 -0.170394 0.450942 1.121267
0.232123 -0.000087 -0.090921 0.238558 1.009473
0.230593 0.004382 0.013958 -0.010696 0.734148
0.232716 0.000460 0.092011 -0.183762 0.456878
0.235234 -0.003986 0.034185 -0.041403 0.604003
0.235585 -0.003296 -0.016450 0.074382 0.769081
0.235919 -0.002715 0.032960 -0.043556 0.613854
0.235900 -0.001343 -0.033733 0.110283 0.839166
0.240148 -0.009962 0.245294 -0.533919 -0.115433
0.249128 -0.029024 0.204256 -0.424476 -0.211378
0.238022 -0.001572 -0.756749 1.771983 2.018373
0.219211 0.041102 -0.186779 0.389972 1.611525
0.217676 0.043396 0.108928 -0.265540 0.862083
0.226595 0.023325 0.336678 -0.735503 0.091802
0.235439 0.005757 0.106772 -0.154480 0.653522
0.242234 -0.005965 0.232759 -0.430069 0.161069
0.247706 -0.013957 0.041693 0.022524 0.674097
0.253885 -0.023721 0.266641 -0.505217 -0.146132
0.263549 -0.041517 0.217047 -0.389798 -0.232766
0.266150 -0.043417 -0.085861 0.284917 0.608772
0.262130 -0.031704 -0.115367 0.302790 0.723235
0.257447 -0.020278 -0.119019 0.271192 0.781893
0.251722 -0.007807 -0.167359 0.353682 1.005869
0.247081 0.001137 -0.065228 0.098861 0.774850
0.249637 -0.006884 0.192231 -0.493170 -0.110049
0.251014 -0.011641 -0.122143 0.244012 0.811968
0.247775 -0.006106 -0.040209 0.036742 0.586638
0.243965 0.000332 -0.150022 0.282967 0.979682
0.237798 0.011792 -0.158520 0.292152 1.120708
0.234322 0.016819 -0.015920 -0.035150 0.765069
0.235017 0.012708 0.050533 -0.169365 0.550350
0.237525 0.005236 0.074965 -0.205206 0.427378
0.240065 -0.001586 0.052258 -0.138159 0.445682
0.238468 0.001542 -0.131505 0.289172 1.052528
0.234296 0.010368 -0.077455 0.155769 0.987973
0.232723 0.013142 -0.001522 -0.014153 0.806357
0.235159 0.007090 0.123037 -0.285803 0.378991
0.239487 -0.002531 0.093682 -0.198398 0.394064
0.239701 -0.002125 -0.082374 0.212985 0.955797
0.238065 0.002344 0.000183 0.014172 0.744015
0.239515 -0.000362 0.072112 -0.147750 0.494168
0.240427 -0.001546 -0.026145 0.085034 0.801441
0.239970 0.000412 0.003185 0.014256 0.729318
0.240162 0.000858 0.006358 0.008241 0.729343
0.240958 -0.000027 0.033390 -0.051822 0.640050
0.241854 -0.001003 0.011507 0.002046 0.705151
0.247003 -0.011741 0.245311 -0.533531 -0.125745
0.248922 -0.014510 -0.147881 0.381670 1.031531
0.245763 -0.006217 -0.010775 0.039436 0.672836
0.244927 -0.003826 -0.030985 0.079995 0.751334
0.243215 0.000348 -0.054624 0.128834 0.863148
0.240921 0.005662 -0.060138 0.137783 0.938692
0.239944 0.007873 0.010949 -0.024503 0.754735
0.245377 -0.004447 0.260067 -0.586065 -0.113125
0.249302 -0.012402 -0.062478 0.176020 0.795956
0.247863 -0.008179 -0.009734 0.037901 0.648290
0.246202 -0.003880 -0.073216 0.175976 0.876795
0.243926 0.001437 -0.040792 0.092118 0.825286
0.242098 0.005542 -0.050670 0.113620 0.904939
0.241822 0.006060 0.036586 -0.084815 0.649803
0.244538 -0.000001 0.099106 -0.217587 0.404470
0.247401 -0.005916 0.044340 -0.081212 0.524297
0.246583 -0.003177 -0.084794 0.214526 0.950262
0.243510 0.004430 -0.069097 0.168003 0.976528
0.241613 0.009092 -0.025968 0.067419 0.905102
0.243218 0.005811 0.105819 -0.227942 0.475610
0.247603 -0.003296 0.113566 -0.229232 0.375513
0.254611 -0.017965 0.236703 -0.503228 -0.147856
0.257131 -0.021848 -0.109403 0.297036 0.850461
0.252513 -0.010067 -0.121703 0.294380 0.960456
0.251395 -0.007395 0.065064 -0.153994 0.380628
0.251286 -0.007244 -0.070047 0.157224 0.801440
0.249739 -0.004110 -0.007579 0.002251 0.622074
0.248200 -0.001211 -0.069236 0.141330 0.840920
0.245084 0.005112 -0.086641 0.175606 0.958666
0.241864 0.011518 -0.074509 0.146381 1.001125
0.241742 0.010867 0.067919 -0.174556 0.573160
0.246431 -0.000272 0.166435 -0.381697 0.177740
0.248282 -0.004038 -0.072933 0.184721 0.900733
0.246606 0.000259 -0.011187 0.033114 0.746561
0.246189 0.001517 -0.009716 0.030059 0.759520
0.245417 0.003631 -0.028812 0.075423 0.849187
0.245563 0.003671 0.035868 -0.071339 0.656053
0.246534 0.002057 0.012776 -0.010537 0.726851
0.246119 0.003852 -0.033375 0.099081 0.900311
0.245919 0.005195 0.023173 -0.029845 0.748829
0.247101 0.003566 0.035909 -0.051598 0.708338
0.247964 0.002973 0.007345 0.020810 0.806885
0.247340 0.005989 -0.038435 0.129063 0.991968
0.247152 0.008047 0.028751 -0.023612 0.821702
0.249613 0.004273 0.094174 -0.163867 0.597691
0.251652 0.001977 0.008162 0.045700 0.864786
0.254319 -0.001578 0.124802 -0.220418 0.466141
0.262376 -0.017255 0.277818 -0.561755 -0.146029
0.265643 -0.021338 -0.112954 0.344048 0.974625
0.259900 -0.005442 -0.174332 0.452362 1.255973
0.256459 0.003980 0.001430 0.026621 0.833213
0.257516 0.002813 0.051254 -0.083675 0.676478
0.260464 -0.002445 0.096120 -0.178939 0.490163
0.267543 -0.016910 0.257519 -0.542051 -0.143066
0.271718 -0.024190 -0.047491 0.166608 0.691423
0.274492 -0.028890 0.185401 -0.394635 -0.142407
0.275738 -0.030535 -0.121983 0.302223 0.742865
0.275910 -0.030930 0.129639 -0.313404 -0.126256
0.275222 -0.030128 -0.163033 0.344417 0.736917
0.267354 -0.014097 -0.230489 0.458720 1.022255
0.258093 0.003670 -0.232925 0.433509 1.173647
0.252014 0.013203 -0.071828 0.050422 0.807483
0.249903 0.013679 -0.033832 -0.025465 0.723037
0.246429 0.017862 -0.139569 0.231841 1.123272
0.244706 0.018347 0.052761 -0.201397 0.569603
0.246229 0.012211 0.023613 -0.107955 0.646119
0.248598 0.004958 0.094795 -0.254057 0.374236
0.245361 0.011401 -0.255511 0.565959 1.476098
0.241049 0.020075 0.038654 -0.120838 0.755456
0.243342 0.014031 0.075998 -0.181722 0.624404
0.247727 0.004119 0.143238 -0.313993 0.346199
0.248832 0.002653 -0.087091 0.232754 1.069950
0.247831 0.006079 0.036515 -0.056720 0.732825
0.247366 0.008453 -0.059438 0.172677 1.074607
0.247656 0.009214 0.073431 -0.130234 0.690649
0.248733 0.008626 -0.019215 0.097539 1.004335
0.248737 0.010833 0.019248 0.014444 0.932286
0.249905 0.010705 0.039072 -0.020377 0.899295
0.252008 0.008885 0.066082 -0.070301 0.826065
0.260110 -0.006273 0.338320 -0.682003 -0.112014
0.269103 -0.022482 0.112527 -0.139329 0.376047
0.272184 -0.025015 0.041785 0.010063 0.531608
0.272508 -0.021933 -0.025449 0.142751 0.724845
0.272209 -0.018393 0.010300 0.036458 0.602373
0.271235 -0.014071 -0.058892 0.178483 0.826506
0.270073 -0.010090 0.000496 0.023528 0.652529
0.269518 -0.007997 -0.028197 0.080730 0.745946
0.269007 -0.006388 0.002519 0.001156 0.650056
0.268343 -0.004661 -0.035641 0.084355 0.778057
0.272113 -0.013424 0.223353 -0.515782 -0.122326
0.280181 -0.031761 0.180586 -0.406273 -0.213676
0.285989 -0.044891 0.110326 -0.254986 -0.208862
0.281017 -0.033965 -0.357568 0.788955 1.167015
0.274729 -0.022275 0.041477 -0.188554 0.056114
0.271396 -0.018478 -0.207325 0.371325 0.829212
0.261531 -0.000663 -0.286059 0.520844 1.176232
0.254658 0.009122 -0.058601 -0.022040 0.605913
0.256321 -0.000798 0.141253 -0.469625 -0.103972
0.254351 -0.001504 -0.238377 0.421686 1.058593
0.251925 -0.001469 0.115799 -0.408282 -0.042986
